Samp. Freq.(Hz)   Sample#   Pulse Length (ms)
10000.000000	5000.000000	50.000000
	
Voltage(V) 
0.124388
0.124388
0.123420
0.124388
0.124065
0.124710
0.123743
0.124388
0.123743
0.125032
0.125355
0.125032
0.124710
0.125677
0.126645
0.125677
0.125677
0.125355
0.127935
0.126000
0.124710
0.125355
0.125355
0.124710
0.126322
0.125677
0.124710
0.126000
0.126000
0.126000
0.126967
0.125355
0.125032
0.126000
0.125355
0.125677
0.125032
0.125355
0.125355
0.125355
0.124710
0.126322
0.125677
0.126000
0.126322
0.126000
0.125677
0.125677
0.125032
0.125677
0.124710
0.125677
0.124388
0.125677
0.125355
0.124388
0.125355
0.126322
0.126000
0.126645
0.123098
0.125677
0.126000
0.125677
0.124388
0.125032
0.125032
0.125677
0.125677
0.123743
0.125355
0.126000
0.128902
0.124388
0.125355
0.125032
0.125677
0.125032
0.124710
0.124065
0.125355
0.124710
0.124710
0.125032
0.126000
0.124710
0.124065
0.125032
0.124388
0.125032
0.125032
0.125032
0.126322
0.125355
0.125355
0.125677
0.125032
0.125677
0.125677
0.125355
0.126322
0.126322
0.126000
0.124388
0.126322
0.125032
0.126322
0.124710
0.125032
0.126645
0.126645
0.125677
0.125677
0.125677
0.126322
0.126322
0.125677
0.126000
0.126322
0.126322
0.126000
0.126000
0.125677
0.126322
0.126645
0.126322
0.125677
0.125355
0.126000
0.125677
0.126322
0.126645
0.126000
0.125677
0.126000
0.126645
0.126645
0.125355
0.125677
0.125355
0.126000
0.125355
0.125032
0.125032
0.125355
0.125355
0.124065
0.124388
0.125677
0.125032
0.124710
0.124710
0.125032
0.124388
0.125032
0.124065
0.124388
0.124710
0.124065
0.124065
0.123098
0.123098
0.123420
0.124065
0.123420
0.123098
0.125032
0.122775
0.122775
0.124065
0.122775
0.122775
0.122453
0.123420
0.123420
0.124065
0.123098
0.124065
0.124065
0.121163
0.123420
0.124710
0.123743
0.124388
0.124710
0.124065
0.123743
0.125032
0.123743
0.122130
0.118583
0.117938
0.114068
0.110521
0.107619
0.105684
0.103749
0.101169
0.098267
0.097622
0.095365
0.095042
0.092140
0.092785
0.089560
0.090205
0.087625
0.086336
0.084401
0.085046
0.082143
0.082143
0.079886
0.080209
0.081498
0.078919
0.078274
0.078274
0.077951
0.077306
0.076339
0.075371
0.074082
0.075371
0.074082
0.074727
0.072469
0.073437
0.072469
0.072469
0.072469
0.072469
0.071179
0.067632
0.071502
0.071179
0.070534
0.071179
0.069889
0.070534
0.070212
0.069244
0.069567
0.069889
0.069567
0.072792
0.068277
0.069244
0.069244
0.069567
0.067955
0.068277
0.068600
0.068600
0.068600
0.068277
0.068277
0.070857
0.067955
0.067955
0.067310
0.068277
0.068600
0.067632
0.067632
0.067955
0.067955
0.067955
0.068277
0.067955
0.068277
0.067632
0.067955
0.067632
0.067632
0.068277
0.067632
0.066665
0.068600
0.066665
0.067310
0.066987
0.068277
0.067955
0.066987
0.066987
0.067310
0.067955
0.067632
0.067310
0.067955
0.067955
0.067955
0.067310
0.068277
0.066987
0.068922
0.068922
0.067632
0.067955
0.068922
0.067955
0.066987
0.067955
0.068600
0.067632
0.067955
0.067955
0.067310
0.068277
0.068277
0.066987
0.067632
0.068277
0.066987
0.067310
0.068277
0.067955
0.068277
0.067955
0.068277
0.067955
0.068277
0.067310
0.068600
0.068600
0.068277
0.066987
0.068600
0.068277
0.068600
0.067632
0.067632
0.068600
0.068922
0.067632
0.067310
0.066665
0.068600
0.068600
0.066342
0.066342
0.068600
0.068600
0.068277
0.066987
0.067310
0.067955
0.068277
0.067632
0.066987
0.066665
0.065697
0.066987
0.067955
0.066665
0.067310
0.067310
0.067632
0.067310
0.067632
0.067310
0.067310
0.067955
0.073114
0.066987
0.067310
0.066987
0.067310
0.068277
0.066987
0.066987
0.068600
0.067310
0.066987
0.066665
0.067955
0.067955
0.067955
0.066665
0.066342
0.067955
0.066665
0.067632
0.066987
0.067310
0.067955
0.067955
0.066665
0.067955
0.068600
0.068277
0.067632
0.067632
0.064730
0.068600
0.067632
0.067632
0.067310
0.068600
0.068922
0.068600
0.068277
0.068277
0.066342
0.069244
0.066987
0.067310
0.067310
0.067632
0.067632
0.068277
0.067310
0.067632
0.068277
0.067955
0.067632
0.067955
0.069889
0.068600
0.068277
0.067310
0.066987
0.066665
0.067955
0.068922
0.067310
0.067632
0.068600
0.067632
0.068922
0.067955
0.067632
0.068600
0.068600
0.067632
0.067310
0.067955
0.067955
0.067955
0.066665
0.067632
0.067310
0.068600
0.067310
0.066987
0.067955
0.068600
0.067955
0.067310
0.067632
0.067632
0.067632
0.066987
0.067632
0.067632
0.067955
0.067632
0.066987
0.066665
0.067955
0.068277
0.067632
0.067310
0.068277
0.067632
0.067955
0.067310
0.066987
0.068600
0.067310
0.067955
0.067955
0.067955
0.066665
0.067310
0.068277
0.067632
0.067632
0.066987
0.067955
0.068277
0.067310
0.067310
0.068922
0.068600
0.068600
0.067632
0.067632
0.068277
0.069244
0.068277
0.067632
0.068600
0.068600
0.068277
0.067632
0.067632
0.068277
0.068277
0.067632
0.067632
0.067632
0.067310
0.068922
0.066987
0.066987
0.067632
0.068277
0.066987
0.067632
0.067310
0.068600
0.066987
0.067955
0.066987
0.067632
0.067955
0.067632
0.067310
0.068277
0.067632
0.066987
0.067955
0.068600
0.065375
0.067310
0.067310
0.067955
0.067632
0.067310
0.067632
0.067310
0.067310
0.067310
0.067310
0.067310
0.072147
0.068600
0.066987
0.067310
0.067310
0.068600
0.066342
0.066987
0.066987
0.067955
0.067632
0.067310
0.067632
0.068277
0.068277
0.067310
0.067632
0.067955
0.067632
0.067632
0.067310
0.067955
0.068277
0.067310
0.067955
0.067955
0.067632
0.066665
0.067632
0.067955
0.067955
0.067310
0.067310
0.066987
0.067955
0.067632
0.067310
0.067310
0.068277
0.067310
0.067632
0.067955
0.071179
0.068600
0.067632
0.066987
0.068600
0.067310
0.067955
0.067955
0.067310
0.067310
0.068922
0.067632
0.070212
0.067955
0.068277
0.068277
0.066665
0.067310
0.068600
0.066987
0.068277
0.067632
0.067310
0.067955
0.067310
0.067955
0.067632
0.067632
0.067955
0.067955
0.068277
0.067310
0.068600
0.066987
0.068277
0.067955
0.067632
0.067632
0.067632
0.067955
0.068277
0.066342
0.067632
0.068277
0.067632
0.066987
0.067310
0.067310
0.068600
0.067632
0.065375
0.066987
0.068277
0.067632
0.066987
0.067310
0.067632
0.068277
0.067955
0.066665
0.067632
0.067955
0.068277
0.066987
0.067310
0.067632
0.068277
0.067632
0.067310
0.067310
0.068277
0.067955
0.068277
0.068277
0.068600
0.067955
0.068600
0.067310
0.068922
0.068922
0.066020
0.067955
0.069889
0.067632
0.067632
0.068600
0.067632
0.068600
0.067955
0.067310
0.068600
0.069567
0.068277
0.067632
0.067632
0.068600
0.068600
0.067632
0.067310
0.068600
0.067955
0.068600
0.070212
0.073114
0.076016
0.079564
0.079886
0.078274
0.084401
0.087948
0.088270
0.089238
0.091495
0.093752
0.095042
0.096332
0.096655
0.099557
0.100524
0.099557
0.101814
0.103104
0.104072
0.104394
0.105684
0.105362
0.106006
0.107619
0.107296
0.108586
0.108909
0.112456
0.110521
0.111166
0.110199
0.112134
0.112134
0.111811
0.112134
0.113746
0.112778
0.113101
0.114391
0.115036
0.114713
0.114068
0.114713
0.114713
0.115358
0.114713
0.116326
0.115681
0.115681
0.116003
0.115358
0.116971
0.117293
0.117293
0.116326
0.116648
0.116648
0.118583
0.116971
0.116971
0.116648
0.118261
0.117293
0.116648
0.117293
0.118261
0.117938
0.117293
0.117938
0.120195
0.119228
0.118261
0.117616
0.118261
0.118583
0.117293
0.118261
0.118261
0.118261
0.119228
0.118583
0.122130
0.118905
0.119873
0.118261
0.118583
0.118905
0.119550
0.118583
0.119550
0.118583
0.118583
0.118583
0.122453
0.118261
0.119550
0.119550
0.119228
0.118905
0.120195
0.119873
0.118905
0.120195
0.118583
0.119873
0.120518
0.119873
0.120195
0.119550
0.119873
0.119873
0.119550
0.119550
0.120518
0.119550
0.120195
0.119228
0.120518
0.119228
0.119228
0.119228
0.119228
0.119228
0.119873
0.118905
0.119550
0.119873
0.119228
0.118583
0.120518
0.118905
0.117938
0.118261
0.119550
0.116648
0.119228
0.117616
0.118583
0.118583
0.119873
0.117616
0.119228
0.118583
0.119873
0.117616
0.118905
0.118261
0.119873
0.118261
0.118261
0.117938
0.118905
0.119228
0.118583
0.117938
0.119228
0.118905
0.119228
0.118583
0.119873
0.118905
0.118905
0.118905
0.119550
0.118905
0.119873
0.118905
0.120518
0.119873
0.118905
0.119550
0.119873
0.119228
0.120840
0.119873
0.120518
0.120195
0.120195
0.120195
0.120518
0.120195
0.120195
0.120840
0.120840
0.119873
0.121163
0.120840
0.120195
0.118261
0.121163
0.120518
0.120840
0.119550
0.119873
0.119228
0.121163
0.119873
0.120195
0.120195
0.121163
0.115681
0.120840
0.119550
0.120195
0.120840
0.120195
0.119873
0.119550
0.120195
0.119873
0.119550
0.120518
0.123098
0.119873
0.119873
0.120518
0.120518
0.119228
0.119550
0.120195
0.118905
0.119228
0.119550
0.118583
0.118905
0.119550
0.119228
0.117616
0.119550
0.119228
0.117616
0.116648
0.120195
0.118261
0.118905
0.117293
0.118905
0.117293
0.118905
0.117616
0.118905
0.117938
0.116326
0.116971
0.118905
0.118583
0.119873
0.118261
0.119228
0.119228
0.118905
0.119228
0.119873
0.118261
0.122775
0.119873
0.119550
0.119228
0.120195
0.120518
0.119873
0.119873
0.120195
0.119873
0.119873
0.120195
0.121808
0.119228
0.120840
0.119873
0.120840
0.119550
0.120840
0.120840
0.120518
0.119550
0.120840
0.120518
0.119550
0.120195
0.119873
0.119550
0.120518
0.119550
0.120840
0.120195
0.119873
0.120195
0.120195
0.119228
0.120195
0.119873
0.119550
0.120518
0.119550
0.117938
0.120840
0.119873
0.120195
0.118905
0.119873
0.120195
0.120518
0.119873
0.119550
0.119228
0.119550
0.120195
0.120195
0.119550
0.119873
0.120195
0.118905
0.119873
0.120195
0.119873
0.118261
0.118905
0.119550
0.119550
0.119550
0.119550
0.118583
0.118905
0.119228
0.119228
0.119550
0.119873
0.120518
0.120195
0.119873
0.119873
0.120518
0.119550
0.119550
0.120195
0.121163
0.119228
0.119873
0.120518
0.120518
0.119873
0.119550
0.120195
0.120518
0.120518
0.119873
0.120518
0.120195
0.120518
0.119873
0.120840
0.119873
0.121163
0.120195
0.119873
0.119550
0.121808
0.120195
0.118583
0.121163
0.120195
0.121808
0.119228
0.120518
0.121808
0.120518
0.118905
0.119873
0.121163
0.120840
0.121163
0.119873
0.120195
0.120195
0.120518
0.119873
0.120518
0.119873
0.120518
0.120840
0.121163
0.119873
0.121163
0.120840
0.125355
0.120195
0.121485
0.119873
0.120195
0.120195
0.121485
0.121163
0.120195
0.119873
0.120840
0.120518
0.120840
0.119873
0.120195
0.120195
0.119873
0.119228
0.119550
0.120840
0.121163
0.119550
0.119873
0.120195
0.119873
0.119550
0.120195
0.120840
0.120840
0.119550
0.119873
0.120195
0.119550
0.120195
0.119873
0.119550
0.121485
0.120195
0.118905
0.121163
0.119873
0.120195
0.121485
0.120195
0.119873
0.120840
0.120195
0.120518
0.120195
0.120195
0.120195
0.120195
0.121485
0.119873
0.124388
0.120195
0.120840
0.120518
0.121163
0.120195
0.119873
0.120518
0.120840
0.120840
0.120518
0.119873
0.124388
0.120840
0.120840
0.120518
0.120840
0.121163
0.121163
0.120840
0.120840
0.120518
0.121485
0.120518
0.119873
0.120840
0.121163
0.121163
0.120195
0.120195
0.121163
0.120195
0.120195
0.121485
0.120195
0.119228
0.120195
0.120518
0.120195
0.121163
0.119550
0.120195
0.120195
0.121163
0.119873
0.119550
0.118905
0.119873
0.119228
0.118905
0.118583
0.120195
0.118905
0.120195
0.118261
0.119550
0.118905
0.119873
0.118905
0.120195
0.118905
0.120518
0.119228
0.120840
0.118905
0.120195
0.118905
0.119873
0.119228
0.121163
0.119550
0.119550
0.120195
0.121163
0.118261
0.120195
0.119228
0.120518
0.118905
0.119873
0.120195
0.120518
0.120840
0.119873
0.119873
0.120518
0.120195
0.120195
0.119550
0.120195
0.120840
0.119873
0.120518
0.121485
0.121163
0.120840
0.119873
0.120518
0.120840
0.120518
0.120195
0.119873
0.120840
0.120518
0.119873
0.121163
0.120195
0.117938
0.122453
0.120840
0.119873
0.121808
0.122775
0.120518
0.120195
0.121485
0.121485
0.120840
0.120518
0.117938
0.121485
0.120840
0.121163
0.120840
0.119873
0.121808
0.120518
0.120840
0.120840
0.121485
0.120518
0.123420
0.121163
0.121163
0.120195
0.119228
0.119873
0.120840
0.120518
0.119873
0.120195
0.119550
0.120518
0.121808
0.121163
0.119228
0.120518
0.120518
0.120518
0.118905
0.119873
0.119228
0.120840
0.119228
0.120195
0.120195
0.120195
0.118905
0.120518
0.120195
0.119228
0.117938
0.121808
0.120195
0.120840
0.120195
0.119228
0.121163
0.120195
0.119873
0.120840
0.119228
0.120195
0.120518
0.119550
0.118905
0.121485
0.121485
0.119873
0.120518
0.120195
0.119873
0.120840
0.119873
0.119873
0.118583
0.120518
0.119873
0.120518
0.120840
0.120195
0.120195
0.120518
0.120195
0.119873
0.120195
0.120518
0.124065
0.120195
0.119550
0.120195
0.120195
0.120518
0.120840
0.120195
0.118905
0.120840
0.120518
0.120518
0.120195
0.121163
0.120840
0.120518
0.119550
0.119228
0.120195
0.120518
0.119228
0.120518
0.120518
0.120195
0.120518
0.120840
0.121163
0.120840
0.120195
0.119873
0.121485
0.121163
0.121163
0.121163
0.120518
0.120840
0.121163
0.120518
0.120840
0.120195
0.121163
0.121163
0.119873
0.120195
0.121485
0.121485
0.120518
0.120840
0.121485
0.120195
0.120840
0.120518
0.120518
0.120518
0.119873
0.120518
0.121163
0.120840
0.120840
0.120195
0.120840
0.120518
0.121163
0.120195
0.120518
0.120518
0.121808
0.121485
0.120518
0.121485
0.121485
0.121808
0.121808
0.121485
0.121163
0.121163
0.121163
0.121485
0.121485
0.121163
0.121163
0.121163
0.119873
0.120840
0.121485
0.120518
0.121163
0.121163
0.120518
0.119873
0.120840
0.120518
0.121163
0.120840
0.120518
0.120840
0.121163
0.120518
0.120518
0.120518
0.120840
0.120840
0.120195
0.121485
0.122453
0.120195
0.121163
0.118583
0.121485
0.120518
0.120195
0.120518
0.120840
0.120840
0.120195
0.119228
0.121163
0.120518
0.120195
0.115358
0.121485
0.121163
0.121485
0.119873
0.119873
0.120518
0.120840
0.120518
0.119550
0.120518
0.121163
0.123743
0.120518
0.119873
0.120840
0.121808
0.120195
0.119550
0.119550
0.121163
0.120195
0.120195
0.119228
0.121485
0.121163
0.120195
0.120195
0.119873
0.120195
0.119550
0.119550
0.120195
0.119550
0.120518
0.119550
0.120518
0.119873
0.119873
0.119228
0.119873
0.119550
0.120195
0.119228
0.120195
0.119873
0.119873
0.118905
0.120840
0.121163
0.118905
0.120195
0.120518
0.119228
0.123420
0.119550
0.120518
0.120518
0.120840
0.119228
0.119550
0.119873
0.120195
0.120195
0.118583
0.118261
0.123098
0.119873
0.120195
0.119228
0.119228
0.120195
0.121808
0.120195
0.120518
0.120840
0.121163
0.121485
0.124710
0.120195
0.121485
0.121808
0.120518
0.119873
0.121485
0.121163
0.121163
0.120195
0.119873
0.121163
0.122130
0.120518
0.121808
0.120840
0.120840
0.120518
0.120840
0.120840
0.121163
0.120518
0.120518
0.120518
0.121163
0.121163
0.121163
0.120518
0.120840
0.120518
0.120840
0.120840
0.120840
0.120840
0.119873
0.121808
0.121485
0.120840
0.121485
0.121485
0.120518
0.121163
0.119873
0.120518
0.120840
0.120195
0.120195
0.120195
0.120518
0.120518
0.120518
0.119873
0.119550
0.121163
0.119873
0.119550
0.120195
0.120195
0.120518
0.120840
0.118583
0.120195
0.120195
0.119873
0.119550
0.119873
0.119873
0.121163
0.119873
0.119873
0.120195
0.120840
0.120195
0.119228
0.119228
0.120195
0.120195
0.120195
0.119873
0.120518
0.120840
0.120518
0.119873
0.119873
0.121485
0.119873
0.119873
0.120840
0.119873
0.121163
0.120195
0.120840
0.120840
0.121163
0.120518
0.120840
0.120840
0.121163
0.119550
0.122130
0.120195
0.120518
0.119873
0.120195
0.120840
0.121485
0.120518
0.116971
0.120840
0.121485
0.120518
0.120195
0.120518
0.120840
0.120840
0.120518
0.119550
0.120518
0.120518
0.125355
0.120518
0.119873
0.120195
0.120840
0.119873
0.119228
0.119873
0.121163
0.119873
0.119228
0.120840
0.123420
0.120195
0.119550
0.119873
0.119550
0.120195
0.119873
0.119228
0.119550
0.120840
0.119873
0.119550
0.120195
0.120195
0.120195
0.120195
0.118905
0.119550
0.120840
0.119228
0.118905
0.119873
0.120195
0.119228
0.119228
0.119228
0.119550
0.120195
0.119550
0.118905
0.117293
0.120518
0.118905
0.120840
0.119228
0.119550
0.119873
0.120195
0.119550
0.119873
0.119873
0.119873
0.120518
0.120840
0.119550
0.119873
0.120840
0.120518
0.120840
0.120840
0.120195
0.121485
0.121163
0.121163
0.123743
0.121808
0.120840
0.120840
0.121163
0.120840
0.120518
0.121485
0.120840
0.121485
0.120518
0.121808
0.121485
0.120518
0.121163
0.121808
0.120840
0.120840
0.120518
0.122130
0.121485
0.121163
0.120195
0.120195
0.121485
0.120840
0.120518
0.120518
0.121163
0.121485
0.120840
0.120518
0.120518
0.121163
0.119873
0.119550
0.120195
0.120195
0.121808
0.119873
0.119550
0.121485
0.120195
0.119873
0.121163
0.119550
0.120195
0.119873
0.119550
0.118905
0.119873
0.119550
0.118905
0.119873
0.120195
0.119228
0.120195
0.119228
0.119550
0.120518
0.120195
0.120518
0.120840
0.120195
0.121485
0.121163
0.121163
0.120518
0.120195
0.120195
0.121163
0.121485
0.120518
0.119873
0.121163
0.120195
0.120518
0.119550
0.120195
0.120840
0.121163
0.120518
0.119873
0.120840
0.121485
0.120518
0.119550
0.120840
0.120518
0.121485
0.121485
0.120195
0.121485
0.120840
0.121808
0.120195
0.121808
0.120840
0.122453
0.121485
0.120518
0.120840
0.121808
0.120195
0.121485
0.120518
0.121163
0.120518
0.120840
0.120840
0.121163
0.120840
0.120840
0.121163
0.120840
0.120518
0.120840
0.119873
0.119550
0.115681
0.121163
0.120518
0.120195
0.120195
0.120518
0.120195
0.120195
0.120518
0.120518
0.120518
0.120195
0.123743
0.119873
0.119228
0.118905
0.119550
0.120195
0.119228
0.118905
0.120195
0.120195
0.120518
0.119550
0.121808
0.120518
0.120840
0.120518
0.119873
0.121485
0.120840
0.121163
0.119550
0.119873
0.120518
0.121808
0.121485
0.120195
0.120518
0.121485
0.121485
0.120840
0.120840
0.121163
0.121808
0.121163
0.120195
0.120840
0.122130
0.119550
0.121163
0.120195
0.120518
0.121163
0.118905
0.120518
0.121485
0.121485
0.120195
0.120195
0.121808
0.120518
0.121163
0.120840
0.121163
0.121485
0.121808
0.120840
0.121163
0.120840
0.121485
0.121485
0.121163
0.120840
0.121485
0.121485
0.120518
0.120840
0.123098
0.121485
0.121163
0.121485
0.120840
0.121163
0.121485
0.120518
0.120518
0.121485
0.121808
0.120195
0.120840
0.121808
0.122130
0.120518
0.120195
0.120840
0.121485
0.119873
0.120195
0.121163
0.120840
0.120518
0.119873
0.120840
0.121163
0.120840
0.120195
0.120518
0.121485
0.120518
0.120840
0.118905
0.120840
0.120840
0.120518
0.120195
0.120840
0.119873
0.120840
0.120195
0.119873
0.120195
0.120518
0.120518
0.120195
0.120195
0.120195
0.120840
0.120840
0.119873
0.119873
0.120840
0.120195
0.120518
0.118905
0.121163
0.120840
0.119873
0.120518
0.120840
0.121808
0.120840
0.119873
0.121163
0.121485
0.121163
0.120195
0.121163
0.120518
0.120840
0.119873
0.120195
0.120518
0.121163
0.119550
0.120195
0.119873
0.121485
0.120840
0.119873
0.120195
0.120518
0.119873
0.120518
0.120840
0.121163
0.120840
0.120195
0.121163
0.120195
0.120840
0.120518
0.120195
0.121163
0.119550
0.120195
0.121163
0.120195
0.119873
0.120840
0.118905
0.120195
0.120840
0.120840
0.119228
0.117293
0.120518
0.120840
0.120195
0.119228
0.121163
0.120840
0.120840
0.120518
0.120518
0.121163
0.121163
0.115358
0.119873
0.121485
0.120518
0.121485
0.120518
0.121163
0.121163
0.121485
0.120195
0.120518
0.121163
0.125677
0.121163
0.120840
0.120840
0.121163
0.120518
0.120518
0.121808
0.122130
0.121163
0.120840
0.120518
0.122775
0.121808
0.120840
0.120840
0.121163
0.121163
0.120840
0.120195
0.121485
0.121163
0.120518
0.120840
0.121808
0.120840
0.121808
0.121808
0.119873
0.120195
0.121163
0.120840
0.120840
0.121485
0.120195
0.121485
0.120840
0.121163
0.121163
0.120518
0.119873
0.120518
0.117938
0.121163
0.119873
0.119873
0.120195
0.121163
0.120195
0.119873
0.120840
0.120840
0.120518
0.120195
0.123098
0.120195
0.121163
0.119873
0.120195
0.119873
0.120195
0.121163
0.119550
0.120840
0.120840
0.121485
0.122453
0.120840
0.120195
0.121485
0.120195
0.120195
0.120195
0.121485
0.120518
0.120195
0.120840
0.121485
0.121808
0.120840
0.119873
0.121163
0.120518
0.121485
0.119873
0.120518
0.121808
0.121808
0.120840
0.121808
0.120195
0.120195
0.121485
0.121485
0.120195
0.121163
0.119550
0.120195
0.120840
0.120518
0.120518
0.121485
0.121163
0.120840
0.120195
0.119873
0.121163
0.121163
0.120518
0.120518
0.120518
0.119550
0.120195
0.120518
0.120518
0.120518
0.121163
0.120195
0.120518
0.120840
0.120840
0.122130
0.121163
0.120195
0.121808
0.120518
0.120195
0.120195
0.120840
0.120195
0.121485
0.120518
0.120195
0.119873
0.121485
0.120195
0.121163
0.121485
0.121808
0.119873
0.119873
0.120195
0.120518
0.120195
0.120840
0.120518
0.121485
0.120518
0.120840
0.120840
0.121485
0.121163
0.121808
0.120195
0.120840
0.122775
0.122453
0.119873
0.121163
0.121163
0.121485
0.119873
0.120840
0.121485
0.121808
0.120840
0.121808
0.121163
0.121485
0.120840
0.120518
0.121163
0.121485
0.119873
0.120840
0.120840
0.120840
0.121163
0.121485
0.120840
0.121485
0.122453
0.120840
0.120195
0.120840
0.116326
0.122130
0.121485
0.121163
0.121485
0.121808
0.120840
0.120840
0.121808
0.121485
0.121163
0.121808
0.122775
0.121485
0.120518
0.121485
0.121163
0.121808
0.121163
0.121163
0.120518
0.120518
0.121163
0.121485
0.121163
0.122130
0.121163
0.120518
0.120518
0.121485
0.120518
0.121485
0.121485
0.120195
0.119228
0.121163
0.119550
0.119873
0.120840
0.121163
0.119873
0.120840
0.116326
0.120840
0.121485
0.120518
0.121163
0.121485
0.121485
0.121485
0.121163
0.122130
0.121485
0.121485
0.116971
0.120195
0.121485
0.120518
0.121163
0.121163
0.121808
0.121485
0.121808
0.121808
0.120518
0.120840
0.125355
0.122130
0.122130
0.121485
0.120195
0.121485
0.120840
0.121485
0.121808
0.121163
0.121808
0.121163
0.124388
0.120840
0.122130
0.121163
0.122130
0.122130
0.121163
0.122130
0.121808
0.120840
0.121808
0.121808
0.122130
0.122130
0.121163
0.121163
0.121808
0.121163
0.120840
0.122453
0.120518
0.121163
0.120840
0.120195
0.120518
0.121808
0.121485
0.121163
0.122130
0.120195
0.121163
0.120518
0.121163
0.121163
0.122453
0.120840
0.121808
0.121163
0.122130
0.120840
0.121485
0.121163
0.121485
0.120840
0.120518
0.119873
0.121163
0.120195
0.120840
0.121485
0.121163
0.121163
0.120518
0.120840
0.121163
0.122130
0.121808
0.121485
0.121163
0.121485
0.120840
0.120840
0.121808
0.121485
0.122453
0.121485
0.120518
0.121808
0.121808
0.120195
0.121485
0.121163
0.121808
0.122453
0.120840
0.120840
0.121808
0.122130
0.121163
0.122775
0.120518
0.122453
0.121485
0.119228
0.123420
0.121808
0.121485
0.121485
0.121485
0.121808
0.121163
0.121163
0.121163
0.121808
0.122453
0.119550
0.121485
0.121163
0.121485
0.121808
0.122130
0.121808
0.122453
0.122453
0.120518
0.121485
0.121808
0.120195
0.122130
0.121808
0.121808
0.122130
0.121163
0.121163
0.121485
0.122130
0.121808
0.121485
0.120518
0.123743
0.120840
0.121485
0.121163
0.121163
0.121808
0.120840
0.120840
0.120518
0.121163
0.120518
0.120518
0.121485
0.121163
0.121163
0.120195
0.121163
0.122130
0.122130
0.121808
0.121163
0.120840
0.121808
0.120518
0.121485
0.120840
0.121485
0.122775
0.121163
0.121163
0.119550
0.122130
0.121485
0.121808
0.122453
0.122453
0.121485
0.121485
0.120840
0.121485
0.121485
0.121808
0.124388
0.121485
0.121163
0.121485
0.121808
0.121163
0.121808
0.122130
0.121808
0.121808
0.121808
0.121163
0.124388
0.121485
0.122130
0.122130
0.121485
0.121808
0.121163
0.121808
0.121163
0.122130
0.122130
0.122130
0.121808
0.121163
0.121163
0.122130
0.121163
0.121485
0.121163
0.121808
0.121163
0.120518
0.120840
0.121808
0.122130
0.121485
0.121808
0.121163
0.120840
0.121163
0.120518
0.121808
0.121163
0.121163
0.120518
0.119228
0.121808
0.121485
0.120518
0.120518
0.121163
0.121163
0.119550
0.120840
0.120840
0.121485
0.120840
0.120840
0.121485
0.121808
0.120840
0.121163
0.121485
0.121485
0.121163
0.121808
0.120518
0.121808
0.121163
0.120840
0.120840
0.121808
0.122453
0.121485
0.121485
0.120840
0.121485
0.121808
0.121485
0.121485
0.121485
0.121163
0.120840
0.121485
0.121485
0.122453
0.121808
0.121163
0.121485
0.121808
0.121485
0.120840
0.122453
0.121485
0.121808
0.121485
0.121485
0.121163
0.121808
0.121485
0.121485
0.122130
0.122453
0.121163
0.121163
0.120195
0.122775
0.122775
0.121163
0.120518
0.122453
0.121485
0.120840
0.121163
0.121163
0.121485
0.122130
0.125032
0.121485
0.121485
0.121163
0.120518
0.121808
0.121485
0.122130
0.121163
0.120840
0.120518
0.120840
0.122775
0.121163
0.120518
0.121485
0.120518
0.120195
0.120195
0.121163
0.120840
0.120840
0.121485
0.121163
0.121163
0.121163
0.120195
0.120840
0.122130
0.121163
0.120195
0.121808
0.121163
0.120840
0.120195
0.120840
0.121163
0.121808
0.120840
0.121163
0.121163
0.121808
0.120840
0.121485
0.121163
0.121808
0.120518
0.120518
0.121163
0.121808
0.120518
0.121163
0.120840
0.121808
0.126000
0.120518
0.120840
0.121485
0.121163
0.121485
0.121163
0.122130
0.121808
0.121485
0.120840
0.120840
0.121808
0.122453
0.121485
0.120518
0.120840
0.122453
0.120518
0.121163
0.121163
0.120518
0.121163
0.121485
0.119873
0.120840
0.121163
0.120518
0.120840
0.120195
0.121808
0.121163
0.120518
0.120195
0.121163
0.121485
0.121163
0.121163
0.120518
0.120840
0.120518
0.119873
0.119550
0.119873
0.120518
0.120195
0.120195
0.119550
0.121163
0.120518
0.121163
0.120518
0.121485
0.120195
0.122453
0.120518
0.121485
0.121485
0.120840
0.120840
0.121163
0.120518
0.121163
0.121485
0.122775
0.121163
0.120840
0.121163
0.121163
0.121163
0.120518
0.121163
0.121163
0.122130
0.121485
0.120840
0.122453
0.121485
0.121485
0.120840
0.121485
0.121808
0.122130
0.121485
0.120840
0.122130
0.122453
0.121485
0.121485
0.121163
0.121808
0.122453
0.121163
0.120840
0.122130
0.121485
0.121163
0.121808
0.121485
0.121808
0.122453
0.120840
0.121485
0.122775
0.122453
0.121485
0.122130
0.121163
0.122453
0.121808
0.121485
0.121808
0.121163
0.120840
0.121808
0.120840
0.121163
0.121163
0.121163
0.120518
0.121808
0.121485
0.121485
0.121808
0.121163
0.120840
0.122130
0.121163
0.119873
0.121808
0.120518
0.121485
0.121163
0.121485
0.121808
0.121163
0.120518
0.122775
0.121808
0.121485
0.121485
0.122775
0.121485
0.123743
0.121163
0.121163
0.121485
0.122453
0.120840
0.120518
0.121163
0.121163
0.120518
0.120195
0.120518
0.121485
0.121485
0.120195
0.120195
0.121163
0.121485
0.120840
0.120840
0.121485
0.121485
0.122775
0.120195
0.121485
0.121808
0.122453
0.122130
0.121163
0.121163
0.120195
0.122130
0.121808
0.121163
0.122453
0.121485
0.121485
0.121163
0.121485
0.121808
0.122453
0.121163
0.123098
0.121163
0.121163
0.121163
0.121485
0.120195
0.121163
0.122130
0.122453
0.121485
0.122453
0.121485
0.123743
0.121163
0.122130
0.121163
0.121808
0.121485
0.122130
0.121163
0.121163
0.121485
0.122130
0.120518
0.122130
0.120195
0.121163
0.120840
0.121485
0.120195
0.121485
0.121485
0.121808
0.120840
0.122130
0.121808
0.122130
0.121485
0.120840
0.121485
0.121808
0.120518
0.120840
0.121163
0.121808
0.122130
0.120840
0.120840
0.121485
0.122775
0.121163
0.121808
0.121163
0.122130
0.123098
0.121163
0.121163
0.121808
0.122453
0.121485
0.121808
0.121808
0.122130
0.122130
0.121485
0.122130
0.122453
0.121485
0.122130
0.123743
0.121485
0.122453
0.121808
0.121808
0.120840
0.122453
0.121808
0.122130
0.121485
0.121808
0.121485
0.122453
0.121808
0.121808
0.121808
0.122453
0.121808
0.121485
0.122453
0.120840
0.121163
0.123098
0.122453
0.122130
0.121485
0.121808
0.122130
0.122130
0.121485
0.121808
0.121808
0.122453
0.121808
0.121485
0.121808
0.122775
0.122453
0.121163
0.121808
0.121808
0.122453
0.121485
0.120840
0.121485
0.122453
0.122130
0.121808
0.122453
0.122130
0.123098
0.121808
0.121808
0.122775
0.123098
0.122453
0.122130
0.122453
0.123743
0.122775
0.122775
0.122453
0.120195
0.121485
0.123743
0.121808
0.123098
0.123098
0.122453
0.121808
0.121808
0.121808
0.122130
0.122453
0.123098
0.122130
0.122453
0.121808
0.122130
0.121163
0.121808
0.121808
0.121485
0.121808
0.122775
0.121808
0.124388
0.122130
0.121163
0.121808
0.122453
0.121485
0.121485
0.122130
0.120840
0.121808
0.121485
0.121485
0.121163
0.121808
0.121808
0.121808
0.121163
0.121163
0.119873
0.122453
0.121163
0.121163
0.121163
0.121485
0.120840
0.120840
0.121485
0.121485
0.122130
0.121163
0.120195
0.122130
0.122130
0.120195
0.121163
0.121485
0.121485
0.123098
0.119550
0.120840
0.122775
0.121163
0.124065
0.121163
0.121808
0.121808
0.121808
0.121163
0.121163
0.122453
0.121163
0.122130
0.122453
0.121163
0.124388
0.121808
0.121163
0.122130
0.122453
0.122130
0.122453
0.122130
0.121485
0.122130
0.121808
0.121485
0.121485
0.122130
0.121485
0.122775
0.121808
0.122453
0.122130
0.121808
0.122130
0.122130
0.121485
0.121485
0.121808
0.122453
0.122130
0.122130
0.121808
0.121808
0.122130
0.121163
0.121485
0.121808
0.123098
0.120518
0.121163
0.122130
0.121163
0.121808
0.121485
0.121163
0.122130
0.121808
0.120518
0.122130
0.121808
0.122130
0.121485
0.122130
0.121808
0.121808
0.122130
0.120840
0.121485
0.121485
0.121808
0.121808
0.121485
0.121808
0.122775
0.121163
0.120840
0.121485
0.122130
0.121163
0.121485
0.121485
0.121163
0.121485
0.120840
0.121163
0.121808
0.121163
0.121485
0.121485
0.120840
0.120840
0.122130
0.120840
0.121485
0.121163
0.120195
0.120195
0.121485
0.121163
0.120840
0.120195
0.121485
0.121163
0.121485
0.120840
0.120840
0.121163
0.120840
0.120195
0.120840
0.120840
0.121163
0.121163
0.120518
0.120518
0.121485
0.120518
0.120195
0.120518
0.120518
0.119873
0.121808
0.119873
0.121163
0.121163
0.121485
0.119550
0.121808
0.121163
0.122130
0.121163
0.119873
0.121163
0.121808
0.121485
0.121485
0.120840
0.120840
0.120840
0.120840
0.120195
0.120518
0.120840
0.120518
0.121163
0.120840
0.121163
0.121163
0.120518
0.120195
0.120195
0.121163
0.121163
0.120195
0.120518
0.121163
0.120518
0.121163
0.120195
0.120195
0.121163
0.120195
0.120840
0.120518
0.120518
0.120195
0.120518
0.119550
0.120195
0.121163
0.121163
0.121163
0.120195
0.120518
0.118583
0.120518
0.121163
0.121485
0.120840
0.120518
0.121163
0.121163
0.120840
0.121485
0.121485
0.121808
0.124710
0.121163
0.122453
0.121485
0.121808
0.120840
0.122453
0.121808
0.122130
0.121163
0.121485
0.121485
0.124388
0.121163
0.121163
0.121808
0.122130
0.122130
0.121485
0.120840
0.122130
0.122453
0.121485
0.121485
0.122775
0.121808
0.122453
0.121485
0.121808
0.121485
0.122775
0.121163
0.121163
0.122130
0.122775
0.120840
0.122130
0.121163
0.122453
0.122130
0.121808
0.120840
0.122130
0.121485
0.121163
0.121163
0.121485
0.120840
0.122453
0.121485
0.121163
0.121163
0.121808
0.120840
0.121485
0.120518
0.121163
0.122130
0.121485
0.121163
0.121485
0.121163
0.120840
0.121485
0.120518
0.121808
0.122130
0.121163
0.121808
0.122453
0.120518
0.121163
0.122130
0.121808
0.120840
0.122453
0.121485
0.121485
0.121485
0.121808
0.121485
0.122775
0.120518
0.120518
0.121485
0.120840
0.121163
0.121163
0.120518
0.121163
0.121808
0.121808
0.120840
0.122130
0.121485
0.121485
0.120840
0.120840
0.121808
0.122130
0.121163
0.121808
0.121163
0.122130
0.121485
0.121485
0.120840
0.121485
0.122130
0.122130
0.120840
0.121485
0.121808
0.120840
0.121485
0.121485
0.120840
0.120840
0.120518
0.118261
0.121485
0.121485
0.121163
0.122130
0.120518
0.121163
0.120518
0.121485
0.120518
0.122130
0.121163
0.125032
0.122130
0.120195
0.120840
0.121485
0.121163
0.121163
0.121163
0.119873
0.120840
0.120840
0.119873
0.122130
0.120518
0.119873
0.120518
0.119873
0.119228
0.120840
0.121485
0.119550
0.120840
0.120840
0.121163
0.121808
0.120195
0.120518
0.121808
0.121485
0.120518
0.120518
0.121808
0.120840
0.121485
0.120195
0.121163
0.121485
0.121808
0.120195
0.121163
0.120840
0.122775
0.118905
0.121163
0.121485
0.123098
0.121485
0.121163
0.121485
0.122130
0.122130
0.121485
0.121163
0.121808
0.125355
0.122453
0.122130
0.122130
0.122775
0.122130
0.121485
0.121485
0.120840
0.123098
0.122453
0.121485
0.124388
0.122453
0.121808
0.122130
0.121485
0.123098
0.121808
0.122130
0.120518
0.121485
0.122130
0.122130
0.121485
0.121163
0.121808
0.121485
0.120840
0.121485
0.120840
0.121808
0.121163
0.121485
0.120840
0.121163
0.120840
0.121808
0.121485
0.121485
0.121485
0.121163
0.121485
0.122453
0.121163
0.121485
0.121163
0.121485
0.121808
0.121808
0.121163
0.122130
0.122453
0.121163
0.121163
0.123420
0.122130
0.121808
0.120518
0.122130
0.122453
0.122775
0.121808
0.122130
0.121808
0.123098
0.121485
0.121485
0.121808
0.123743
0.122775
0.120840
0.121163
0.123098
0.121808
0.122130
0.121163
0.122130
0.122775
0.121808
0.121163
0.122130
0.122130
0.121163
0.123098
0.120840
0.122130
0.123098
0.121485
0.121163
0.121808
0.121808
0.122775
0.122775
0.121485
0.122453
0.122130
0.121485
0.122453
0.121485
0.121808
0.122130
0.122130
0.121485
0.121808
0.122130
0.121485
0.118583
0.121808
0.121163
0.122130
0.122453
0.122453
0.120840
0.122130
0.121808
0.122453
0.120840
0.121808
0.116971
0.121808
0.121163
0.120195
0.120840
0.121163
0.121808
0.120518
0.120518
0.121485
0.121163
0.120518
0.123420
0.120840
0.121163
0.122130
0.119550
0.119873
0.121163
0.122130
0.120195
0.120518
0.120840
0.121485
0.122775
0.121808
0.120518
0.121808
0.121163
0.120840
0.120840
0.121163
0.121485
0.121808
0.120518
0.121163
0.121808
0.122453
0.121485
0.122453
0.121163
0.122130
0.117938
0.122130
0.121808
0.122453
0.122130
0.121163
0.121808
0.121808
0.121808
0.121808
0.121163
0.121163
0.120195
0.121485
0.122130
0.122130
0.121163
0.122130
0.122453
0.121163
0.121808
0.121163
0.121808
0.122130
0.124065
0.121485
0.121485
0.122453
0.122453
0.122453
0.121485
0.121808
0.122130
0.122775
0.121808
0.121163
0.123420
0.121163
0.122130
0.121163
0.121808
0.121485
0.122130
0.121163
0.120518
0.121485
0.121485
0.121163
0.120195
0.121485
0.121485
0.121808
0.121485
0.120518
0.122130
0.122453
0.121808
0.121485
0.122130
0.121808
0.123098
0.122130
0.121808
0.122130
0.123098
0.122130
0.122453
0.121485
0.123098
0.122130
0.121808
0.122130
0.122453
0.122453
0.122453
0.122130
0.122453
0.121808
0.122775
0.122130
0.122130
0.122453
0.122130
0.122453
0.122453
0.121485
0.122775
0.121808
0.122130
0.122453
0.122453
0.121485
0.122775
0.122453
0.122130
0.122130
0.122130
0.122453
0.123098
0.120518
0.122775
0.122775
0.122453
0.122130
0.122453
0.121485
0.121808
0.122453
0.121163
0.121163
0.122130
0.121808
0.120518
0.121163
0.121485
0.121808
0.121163
0.120840
0.121163
0.122130
0.122130
0.122130
0.121485
0.121485
0.121808
0.122130
0.120840
0.122453
0.120840
0.121808
0.120518
0.118583
0.120840
0.121163
0.120840
0.120518
0.120518
0.121808
0.122130
0.121163
0.121163
0.122775
0.121485
0.115681
0.121163
0.121808
0.122453
0.122453
0.120840
0.121485
0.122130
0.122130
0.121485
0.121808
0.121808
0.126000
0.121163
0.121163
0.121485
0.122775
0.121163
0.122130
0.121808
0.120518
0.123743
0.121163
0.121163
0.123743
0.121485
0.122130
0.121808
0.121808
0.121808
0.123743
0.120518
0.122130
0.122130
0.122453
0.121485
0.122130
0.122130
0.122453
0.122453
0.121808
0.121485
0.119873
0.121808
0.121485
0.121485
0.122130
0.122775
0.122130
0.121485
0.122453
0.121808
0.122130
0.122130
0.118583
0.121485
0.122130
0.121485
0.121163
0.120840
0.121485
0.120840
0.121485
0.121163
0.121163
0.121163
0.124710
0.121808
0.121485
0.121163
0.121163
0.121808
0.121163
0.122130
0.122130
0.121485
0.122130
0.122453
0.124710
0.121485
0.122453
0.122453
0.121163
0.121163
0.123098
0.121485
0.121808
0.121163
0.121163
0.121485
0.122775
0.121485
0.121163
0.122775
0.122130
0.122130
0.121163
0.121163
0.122775
0.122775
0.120840
0.121485
0.121485
0.122130
0.122453
0.121808
0.121163
0.122775
0.122130
0.121485
0.121163
0.121808
0.122453
0.122453
0.121485
0.122130
0.123098
0.122130
0.120840
0.122453
0.122130
0.123743
0.121808
0.121163
0.122453
0.122775
0.121808
0.121163
0.121485
0.122453
0.122453
0.121485
0.121485
0.122453
0.122130
0.121808
0.121808
0.120840
0.122130
0.122775
0.121808
0.122130
0.122130
0.122453
0.122130
0.121163
0.120195
0.123420
0.121163
0.122130
0.121163
0.121163
0.121485
0.121163
0.121163
0.121163
0.121163
0.121163
0.121163
0.121808
0.121163
0.121163
0.121485
0.121485
0.121808
0.121808
0.121485
0.121485
0.122775
0.121163
0.121163
0.122130
0.121808
0.121485
0.121163
0.121485
0.121808
0.121485
0.120840
0.120518
0.121485
0.122775
0.122453
0.122130
0.121485
0.117938
0.123098
0.121808
0.122130
0.121485
0.122453
0.122453
0.121808
0.121485
0.122775
0.122453
0.121808
0.121485
0.122130
0.122453
0.122775
0.121808
0.122130
0.122775
0.122453
0.121808
0.121485
0.122775
0.123420
0.123743
0.122775
0.121163
0.122775
0.121808
0.122453
0.121485
0.121485
0.122453
0.122130
0.121485
0.122130
0.121485
0.122130
0.121808
0.121808
0.121808
0.122130
0.121163
0.121808
0.121808
0.121485
0.121485
0.121808
0.122130
0.120840
0.121808
0.122453
0.121808
0.121485
0.120840
0.121485
0.121808
0.121485
0.120840
0.121808
0.122130
0.122453
0.120840
0.122453
0.122130
0.122453
0.120195
0.121808
0.122453
0.123420
0.122775
0.122453
0.123098
0.124065
0.123420
0.122453
0.122453
0.122775
0.126645
0.122453
0.121808
0.122775
0.123098
0.122775
0.121485
0.123098
0.123098
0.121485
0.122775
0.121163
0.123743
0.122130
0.123743
0.121485
0.122453
0.122130
0.123420
0.122453
0.121808
0.121808
0.122130
0.123098
0.122453
0.121808
0.123098
0.122775
0.122130
0.122453
0.122453
0.122453
0.122453
0.122453
0.122130
0.122775
0.122453
0.121163
0.122130
0.122130
0.122130
0.121163
0.121485
0.121485
0.122453
0.121808
0.122453
0.122130
0.122453
0.121485
0.121485
0.121485
0.121485
0.121808
0.120840
0.120840
0.121808
0.120840
0.121485
0.121485
0.121485
0.120840
0.121808
0.120840
0.121808
0.121485
0.122775
0.120840
0.122453
0.122130
0.122775
0.120518
0.122453
0.121485
0.122453
0.121163
0.121485
0.121808
0.122130
0.121808
0.121163
0.121163
0.122453
0.122130
0.121808
0.121808
0.122775
0.122775
0.122130
0.122130
0.123420
0.123420
0.123743
0.122130
0.122775
0.122775
0.123743
0.122775
0.122130
0.122775
0.123098
0.123420
0.122130
0.122453
0.122775
0.123420
0.121808
0.121163
0.123420
0.123098
0.123098
0.121808
0.121808
0.122775
0.122775
0.122130
0.122130
0.122775
0.123420
0.121485
0.121808
0.122130
0.122130
0.122453
0.122130
0.121808
0.122130
0.123420
0.122775
0.121808
0.121808
0.127612
0.122775
0.121163
0.120518
0.121808
0.122130
0.122453
0.121808
0.121808
0.122130
0.121163
0.121485
0.123098
0.121485
0.121485
0.121485
0.121485
0.121808
0.121808
0.121163
0.122775
0.121163
0.121808
0.121163
0.122775
0.121485
0.122130
0.120518
0.121485
0.121808
0.121808
0.120518
0.121485
0.121163
0.121485
0.121808
0.122130
0.121485
0.122775
0.122775
0.121485
0.122130
0.122775
0.121485
0.122775
0.121485
0.120840
0.122453
0.122453
0.122130
0.123098
0.121808
0.122775
0.122453
0.126000
0.121485
0.123420
0.122775
0.122453
0.122453
0.122130
0.122775
0.123098
0.122453
0.121485
0.123743
0.125355
0.121485
0.122130
0.122453
0.122453
0.121485
0.122130
0.122130
0.122130
0.122130
0.121808
0.121808
0.120518
0.121808
0.121485
0.121808
0.122130
0.121485
0.121485
0.122453
0.121163
0.121808
0.121163
0.121485
0.121485
0.121485
0.120840
0.121485
0.121808
0.120840
0.120518
0.120518
0.120518
0.120840
0.120195
0.119873
0.120840
0.121485
0.121163
0.120840
0.120195
0.121163
0.121808
0.120840
0.119873
0.121163
0.121163
0.121808
0.120840
0.120840
0.121485
0.122130
0.121163
0.121163
0.122453
0.122130
0.122453
0.121485
0.121163
0.122130
0.121808
0.122775
0.120840
0.120840
0.122453
0.123098
0.121163
0.122130
0.122453
0.122775
0.121808
0.121485
0.121163
0.123098
0.122130
0.121163
0.122453
0.123743
0.121808
0.122453
0.122775
0.123420
0.123098
0.122775
0.122130
0.122453
0.123420
0.122130
0.122453
0.122453
0.122775
0.123098
0.122130
0.121808
0.122130
0.121485
0.121485
0.122130
0.120840
0.121808
0.121485
0.121808
0.121163
0.121808
0.121485
0.122130
0.122130
0.120518
0.121808
0.121808
0.122130
0.121808
0.122130
0.121163
0.122775
0.122130
0.121808
0.121808
0.121808
0.126645
0.122453
0.122130
0.121808
0.122130
0.122775
0.122130
0.121163
0.122130
0.122130
0.122453
0.121808
0.124388
0.122453
0.122453
0.122453
0.121485
0.122453
0.122130
0.122130
0.121163
0.122453
0.122453
0.123098
0.122453
0.121808
0.122775
0.122775
0.121163
0.122130
0.121163
0.122453
0.123098
0.121485
0.121163
0.122775
0.121808
0.122453
0.122130
0.121808
0.122453
0.122453
0.118261
0.121808
0.122453
0.122453
0.121808
0.122130
0.121808
0.122453
0.122130
0.122453
0.122453
0.122130
0.126322
0.123098
0.122130
0.121485
0.121485
0.121808
0.121808
0.122775
0.122453
0.122130
0.122130
0.122130
0.125355
0.120840
0.121808
0.123420
0.121163
0.121485
0.121808
0.122453
0.120840
0.122130
0.121808
0.120840
0.121808
0.121163
0.120840
0.121808
0.121163
0.121808
0.120840
0.121808
0.121485
0.122130
0.121485
0.121163
0.121808
0.122453
0.122775
0.120840
0.122130
0.122775
0.122775
0.121485
0.122775
0.121163
0.121808
0.122130
0.122130
0.121163
0.122775
0.122453
0.122130
0.121163
0.122130
0.122453
0.122130
0.121485
0.122453
0.123098
0.123098
0.122453
0.121808
0.121485
0.122453
0.121808
0.123098
0.123098
0.122775
0.122775
0.123098
0.122130
0.122775
0.122453
0.122130
0.122453
0.122775
0.121808
0.123098
0.122453
0.122775
0.121808
0.122130
0.122130
0.122453
0.123420
0.121485
0.121485
0.122453
0.122775
0.123098
0.122453
0.122130
0.122775
0.122775
0.121808
0.122775
0.122775
0.123420
0.121485
0.122130
0.121808
0.122775
0.122453
0.121485
0.121808
0.122130
0.122453
0.122775
0.121163
0.122775
0.122453
0.122453
0.121485
0.121808
0.122130
0.122775
0.121808
0.122130
0.118905
0.123420
0.121485
0.122453
0.122130
0.122775
0.122775
0.122130
0.121808
0.122453
0.122775
0.122130
0.126645
0.121485
0.122775
0.122775
0.121485
0.122130
0.122130
0.122775
0.122453
0.120518
0.123098
0.121485
0.122130
0.121485
0.122130
0.121485
0.121808
0.121808
0.122130
0.121485
0.121808
0.120840
0.122453
0.122130
0.121485
0.121808
0.122775
0.121808
0.121808
0.121485
0.118905
0.122775
0.123098
0.120195
0.122130
0.122130
0.121808
0.121808
0.121808
0.121163
0.122775
0.122130
0.121808
0.122453
0.123098
0.121808
0.121485
0.122130
0.121808
0.122453
0.122130
0.121485
0.121485
0.122453
0.124710
0.121808
0.122453
0.122130
0.121808
0.122130
0.121808
0.121485
0.123098
0.121485
0.121808
0.122130
0.126000
0.122130
0.121808
0.121808
0.121808
0.120840
0.122775
0.123743
0.121485
0.121808
0.122130
0.122453
0.123420
0.122453
0.122775
0.121485
0.123098
0.121808
0.122130
0.122453
0.123098
0.122130
0.122775
0.121808
0.123098
0.122775
0.122775
0.121485
0.122130
0.122453
0.122453
0.122775
0.121808
0.122775
0.122775
0.122453
0.122453
0.122130
0.122130
0.122453
0.122130
0.122130
0.122453
0.122775
0.121808
0.121485
0.122775
0.122775
0.123098
0.121808
0.122130
0.122775
0.123098
0.121485
0.122130
0.121808
0.122775
0.122775
0.121485
0.122775
0.122775
0.123098
0.122130
0.122453
0.122775
0.123098
0.122775
0.121808
0.121808
0.122775
0.123420
0.122453
0.122453
0.123098
0.122453
0.122775
0.122775
0.122453
0.122775
0.123098
0.122453
0.122775
0.123098
0.123420
0.123420
0.124065
0.123743
0.124388
0.122453
0.123098
0.123420
0.124065
0.123420
0.123098
0.123743
0.123098
0.123743
0.124065
0.123098
0.124065
0.123420
0.123420
0.123420
0.123420
0.123420
0.122775
0.123098
0.119873
0.122453
0.123420
0.123098
0.123098
0.123743
0.122453
0.121808
0.122775
0.122130
0.124065
0.122130
0.116326
0.123098
0.123098
0.122130
0.121808
0.122453
0.122775
0.122453
0.122130
0.122130
0.122130
0.123098
0.125032
0.120840
0.122775
0.123098
0.122130
0.121485
0.120840
0.121808
0.122453
0.120518
0.121163
0.122130
0.122453
0.122453
0.121808
0.121163
0.122453
0.122775
0.120195
0.120840
0.121163
0.122453
0.122130
0.121163
0.120840
0.122775
0.121808
0.120840
0.121163
0.120840
0.120518
0.121163
0.121163
0.121163
0.122130
0.121485
0.121163
0.121485
0.121808
0.121808
0.122775
0.121808
0.117616
0.123098
0.121163
0.122130
0.121485
0.122775
0.122130
0.122453
0.122453
0.122453
0.122775
0.122453
0.126967
0.123098
0.122775
0.123098
0.122130
0.123098
0.122775
0.121808
0.123098
0.123098
0.122453
0.123098
0.124065
0.123420
0.123098
0.123098
0.122453
0.123098
0.122775
0.123098
0.122130
0.123098
0.122775
0.122775
0.120840
0.122453
0.121808
0.123420
0.122775
0.121485
0.121485
0.122453
0.123420
0.121808
0.122130
0.122130
0.121163
0.122130
0.121163
0.121808
0.121808
0.121808
0.121485
0.122453
0.121808
0.122130
0.121808
0.121808
0.121485
0.123420
0.121163
0.121485
0.121163
0.121808
0.121808
0.121485
0.121485
0.120840
0.121485
0.120840
0.122775
0.121163
0.123098
0.122775
0.122453
0.121163
0.122775
0.121808
0.122453
0.122130
0.122775
0.122453
0.121163
0.123743
0.122775
0.122130
0.122130
0.122775
0.122775
0.122775
0.122130
0.122453
0.123743
0.122453
0.122775
0.122775
0.123420
0.123420
0.123743
0.122130
0.123743
0.123743
0.124065
0.123098
0.122775
0.123098
0.123420
0.122453
0.122453
0.122453
0.123420
0.123420
0.123098
0.121485
0.123098
0.123743
0.122775
0.121163
0.123743
0.122775
0.123420
0.122775
0.121808
0.122130
0.124388
0.121485
0.121808
0.122130
0.122453
0.118583
0.122453
0.121485
0.122453
0.123098
0.122775
0.121163
0.122130
0.122775
0.122453
0.121485
0.122453
0.123743
0.122775
0.121163
0.122130
0.122775
0.122130
0.121163
0.121808
0.121163
0.121485
0.121485
0.121485
0.121808
0.121485
0.121485
0.121485
0.122453
0.122453
0.121163
0.121808
0.122775
0.121808
0.122453
0.121808
0.121485
0.123098
0.123098
0.121163
0.122775
0.123420
0.119873
0.122453
0.122130
0.121485
0.122775
0.122130
0.122453
0.122453
0.122775
0.122453
0.122130
0.121163
0.117616
0.123420
0.122775
0.121163
0.122775
0.122453
0.122453
0.122453
0.121808
0.121163
0.123743
0.122130
0.125677
0.122453
0.122775
0.122453
0.122775
0.122130
0.122130
0.123420
0.121808
0.122453
0.123098
0.122775
0.125032
0.122453
0.122130
0.121808
0.122453
0.121485
0.122453
0.121808
0.122130
0.122453
0.122130
0.122453
0.123098
0.121163
0.121808
0.121808
0.121808
0.120840
0.121485
0.121808
0.122130
0.121163
0.121485
0.122130
0.122130
0.122453
0.122453
0.120840
0.122130
0.121808
0.121485
0.121163
0.122130
0.122453
0.122130
0.121163
0.122130
0.122453
0.123098
0.122130
0.121485
0.121163
0.123098
0.121808
0.120840
0.121485
0.122453
0.121808
0.122130
0.122130
0.121808
0.123098
0.123420
0.121808
0.122130
0.123098
0.122775
0.122130
0.122453
0.122130
0.122130
0.121808
0.123098
0.121163
0.122775
0.122453
0.122453
0.122453
0.121485
0.123098
0.121485
0.122130
0.122453
0.122453
0.122453
0.122775
0.122130
0.122775
0.122775
0.123098
0.122775
0.122453
0.122130
0.122453
0.121808
0.122775
0.122453
0.122453
0.122130
0.122453
0.122130
0.122130
0.121485
0.123098
0.122453
0.122130
0.122453
0.122130
0.121808
0.122130
0.121163
0.122130
0.121808
0.122775
0.121485
0.121485
