Samp. Freq.(Hz)   Sample#   Pulse Length (ms)
10000.000000	5000.000000	50.000000
	
Voltage(V) 
0.106329
0.107296
0.106651
0.106006
0.106651
0.106974
0.106651
0.106006
0.106651
0.106974
0.107619
0.106006
0.106006
0.106651
0.108264
0.108586
0.106329
0.106006
0.107296
0.106651
0.107296
0.106651
0.106006
0.106329
0.105684
0.106006
0.107941
0.106651
0.106006
0.106329
0.106329
0.106651
0.105684
0.105684
0.105039
0.106651
0.106006
0.106006
0.102782
0.106651
0.106651
0.106329
0.105039
0.107296
0.106651
0.105684
0.107296
0.106974
0.106329
0.106651
0.106329
0.106974
0.106974
0.106329
0.106006
0.106651
0.102459
0.106651
0.105684
0.106651
0.106329
0.106329
0.105362
0.106006
0.106006
0.107619
0.105362
0.106006
0.105684
0.106974
0.106974
0.107296
0.105039
0.107296
0.106329
0.106651
0.106974
0.107619
0.106329
0.106974
0.107619
0.107619
0.106651
0.104717
0.106006
0.108264
0.106651
0.106651
0.106329
0.107296
0.107296
0.108264
0.106006
0.106651
0.107296
0.107296
0.105362
0.106006
0.106651
0.107619
0.106006
0.106006
0.106974
0.107619
0.107619
0.109554
0.106329
0.106651
0.106974
0.106651
0.106651
0.106974
0.106974
0.106006
0.107296
0.107296
0.107619
0.102459
0.106329
0.106329
0.107296
0.106651
0.105362
0.106651
0.106974
0.106651
0.105039
0.106006
0.105684
0.106006
0.106006
0.106006
0.106006
0.106006
0.106329
0.101169
0.106651
0.105362
0.106329
0.106006
0.106329
0.106329
0.106329
0.106329
0.107296
0.106329
0.106651
0.106006
0.106651
0.106974
0.108909
0.107619
0.105362
0.106006
0.106974
0.106974
0.106006
0.106974
0.107296
0.106329
0.106006
0.105684
0.106006
0.106974
0.106329
0.105684
0.106974
0.106329
0.106651
0.106651
0.106974
0.106974
0.106329
0.106329
0.106329
0.106006
0.106651
0.106329
0.106974
0.106974
0.107619
0.106006
0.106329
0.106651
0.109876
0.106974
0.105684
0.106006
0.107296
0.107296
0.106651
0.106006
0.106006
0.106974
0.106329
0.105684
0.103104
0.106006
0.106651
0.106329
0.106006
0.106329
0.106329
0.106329
0.106651
0.106651
0.105684
0.106651
0.105684
0.106329
0.106329
0.106006
0.105684
0.106329
0.106006
0.106651
0.105362
0.102137
0.102137
0.101169
0.096655
0.095365
0.094397
0.093752
0.091818
0.089883
0.088593
0.087948
0.087303
0.084723
0.083756
0.082788
0.082143
0.081498
0.080209
0.079886
0.078596
0.078919
0.077951
0.077629
0.076984
0.076661
0.075694
0.076339
0.075371
0.074727
0.073759
0.074404
0.073759
0.073437
0.072147
0.071824
0.072469
0.072792
0.072147
0.071824
0.071824
0.072147
0.072147
0.071502
0.070857
0.071502
0.070857
0.073759
0.070857
0.069889
0.070534
0.070212
0.069889
0.070534
0.069889
0.070212
0.069567
0.070212
0.069889
0.065375
0.069567
0.070212
0.068922
0.069889
0.068600
0.069889
0.068277
0.069889
0.069244
0.069889
0.069244
0.068922
0.069244
0.068600
0.068600
0.069244
0.068922
0.065697
0.068922
0.067632
0.068922
0.068922
0.067955
0.067632
0.067955
0.068600
0.067632
0.067955
0.067632
0.067632
0.066987
0.067955
0.068600
0.067632
0.066987
0.068922
0.068277
0.067955
0.066987
0.067310
0.068600
0.068600
0.068277
0.066987
0.067632
0.068277
0.068600
0.068277
0.067310
0.066665
0.068277
0.067955
0.067632
0.067632
0.068922
0.068600
0.068277
0.066987
0.067632
0.068277
0.067632
0.066987
0.068277
0.068277
0.067955
0.068600
0.068600
0.067310
0.068600
0.066987
0.067955
0.067955
0.068600
0.067632
0.067310
0.067632
0.069889
0.069244
0.062473
0.067955
0.068600
0.068600
0.067955
0.067632
0.068277
0.068600
0.068600
0.066987
0.068277
0.067955
0.068600
0.066987
0.067955
0.067310
0.067955
0.067955
0.070534
0.067310
0.068600
0.067955
0.067310
0.067955
0.067955
0.066987
0.067955
0.067632
0.068922
0.067632
0.066342
0.068277
0.068600
0.068277
0.068277
0.066665
0.067310
0.068277
0.067310
0.066665
0.066987
0.068277
0.068277
0.066987
0.066665
0.066987
0.068277
0.067310
0.067310
0.066665
0.068277
0.067955
0.067632
0.066987
0.067310
0.067955
0.067955
0.067310
0.067632
0.067955
0.067310
0.067632
0.067955
0.067955
0.067955
0.068600
0.067310
0.067310
0.068277
0.066987
0.067632
0.068600
0.068277
0.068600
0.066987
0.067955
0.068600
0.067955
0.067632
0.071502
0.067955
0.067955
0.067632
0.068600
0.067955
0.067955
0.068600
0.068600
0.067632
0.068600
0.068600
0.067955
0.069244
0.069889
0.067955
0.068277
0.068277
0.069567
0.068600
0.068922
0.068277
0.069244
0.068600
0.067632
0.067310
0.068600
0.068277
0.068922
0.066987
0.066665
0.068600
0.068600
0.067955
0.067955
0.067632
0.068922
0.067310
0.068277
0.068600
0.068277
0.067955
0.068922
0.068277
0.068600
0.067955
0.068277
0.068600
0.068600
0.067310
0.068600
0.068600
0.068922
0.067632
0.066020
0.066665
0.069567
0.067955
0.068277
0.067310
0.068277
0.068277
0.068277
0.067955
0.066987
0.067955
0.067955
0.067955
0.067632
0.068277
0.067632
0.067310
0.068922
0.067955
0.068277
0.067632
0.067310
0.068922
0.068922
0.069889
0.067955
0.068922
0.068922
0.067955
0.067955
0.067955
0.068277
0.068922
0.067310
0.067632
0.068277
0.064730
0.066665
0.066987
0.068277
0.067632
0.067632
0.067955
0.066665
0.068600
0.067955
0.067310
0.067310
0.067310
0.068277
0.068277
0.067955
0.067632
0.067955
0.072469
0.067955
0.068922
0.067955
0.068600
0.067955
0.068277
0.068277
0.068922
0.068600
0.068600
0.067955
0.068277
0.070212
0.068277
0.067632
0.068922
0.068600
0.067632
0.067310
0.068922
0.068922
0.068922
0.066987
0.067632
0.068600
0.068922
0.067310
0.067955
0.067955
0.068600
0.068277
0.067955
0.068600
0.068277
0.067955
0.067955
0.068277
0.068922
0.067310
0.068277
0.067310
0.067955
0.068922
0.067955
0.066987
0.068600
0.068600
0.067310
0.069889
0.068600
0.067955
0.068600
0.067955
0.066987
0.067632
0.067955
0.067632
0.067632
0.067632
0.067310
0.069567
0.068600
0.067632
0.068600
0.067955
0.067310
0.068277
0.067632
0.067955
0.067955
0.067955
0.068277
0.068277
0.066987
0.067632
0.067955
0.069244
0.067955
0.070534
0.066665
0.067310
0.067955
0.068922
0.066987
0.068922
0.068277
0.067632
0.067955
0.068277
0.068277
0.064085
0.068600
0.068922
0.068277
0.067310
0.067632
0.069244
0.067632
0.066987
0.068277
0.068922
0.067632
0.067955
0.067632
0.068277
0.068277
0.068922
0.066665
0.067955
0.068277
0.068600
0.067955
0.067310
0.068277
0.069244
0.068277
0.068600
0.067632
0.068600
0.068277
0.067310
0.067632
0.068277
0.067955
0.068277
0.066665
0.068277
0.067310
0.067632
0.067310
0.068277
0.068277
0.067310
0.066987
0.067955
0.067632
0.068277
0.067955
0.071179
0.076984
0.075049
0.076984
0.077306
0.079886
0.082788
0.082143
0.082466
0.084723
0.086658
0.086658
0.088270
0.088270
0.089883
0.092140
0.091818
0.092463
0.093108
0.095687
0.095365
0.094720
0.095687
0.096010
0.096332
0.097300
0.097622
0.098912
0.098590
0.098590
0.099235
0.098267
0.100524
0.100524
0.100524
0.100847
0.101814
0.101492
0.100847
0.101814
0.102137
0.102782
0.102137
0.102137
0.102782
0.103749
0.103104
0.103427
0.103427
0.103427
0.103749
0.103427
0.103427
0.104717
0.104072
0.103749
0.104072
0.103427
0.103749
0.103427
0.104394
0.105039
0.104072
0.104394
0.104072
0.104394
0.104394
0.104072
0.105362
0.105039
0.105684
0.105362
0.104394
0.104394
0.104717
0.106329
0.105684
0.105039
0.104394
0.104394
0.105684
0.104717
0.105039
0.105684
0.106006
0.104072
0.106006
0.105362
0.105039
0.105039
0.105039
0.104072
0.105684
0.105039
0.104717
0.106006
0.105684
0.104717
0.108586
0.105362
0.104717
0.105362
0.104717
0.105039
0.104717
0.105684
0.106006
0.105039
0.105684
0.105362
0.101169
0.104072
0.105362
0.106329
0.105362
0.105362
0.106006
0.105362
0.105039
0.105039
0.105362
0.104717
0.105684
0.105039
0.105039
0.106329
0.106329
0.104394
0.106006
0.105684
0.106329
0.106329
0.106006
0.105362
0.106651
0.106329
0.106329
0.106006
0.105684
0.106974
0.106651
0.105684
0.106651
0.107296
0.107619
0.104717
0.106329
0.105362
0.106651
0.105684
0.106006
0.105684
0.106329
0.106329
0.105362
0.106006
0.106006
0.104072
0.105362
0.109876
0.105684
0.106329
0.105039
0.105684
0.106006
0.106329
0.105362
0.105039
0.105039
0.106651
0.105039
0.105039
0.105039
0.106651
0.104717
0.106974
0.103749
0.107296
0.106329
0.106006
0.104072
0.105362
0.104717
0.106006
0.103749
0.106329
0.104717
0.105684
0.103427
0.101814
0.104072
0.106006
0.104717
0.105039
0.103749
0.105362
0.104717
0.105362
0.104717
0.106651
0.106006
0.105039
0.106006
0.106006
0.106006
0.106006
0.105039
0.105039
0.106006
0.105362
0.106006
0.108264
0.106329
0.104717
0.105684
0.105684
0.106006
0.105039
0.105039
0.105039
0.105039
0.106329
0.105684
0.104717
0.106006
0.106651
0.106329
0.104717
0.106006
0.106329
0.106329
0.106006
0.106006
0.106974
0.105684
0.105684
0.105684
0.105039
0.102459
0.106651
0.106006
0.106651
0.105684
0.106006
0.106006
0.106329
0.106329
0.106329
0.105684
0.106006
0.106006
0.106651
0.105684
0.106006
0.106006
0.106006
0.109554
0.105362
0.106006
0.106006
0.105684
0.105684
0.105039
0.106329
0.105362
0.105039
0.106329
0.105684
0.105362
0.106006
0.106006
0.105362
0.105684
0.106974
0.105362
0.105362
0.106974
0.106006
0.104394
0.106006
0.107619
0.103749
0.105362
0.106006
0.105684
0.105684
0.106329
0.104717
0.105039
0.105684
0.105362
0.104717
0.105039
0.105039
0.106974
0.105039
0.106329
0.105684
0.106006
0.105039
0.106651
0.105684
0.106651
0.106006
0.105684
0.106006
0.105684
0.106329
0.105684
0.105362
0.106006
0.105684
0.105362
0.105039
0.106329
0.105684
0.106006
0.103427
0.106006
0.106006
0.105684
0.105362
0.106651
0.104717
0.106651
0.105684
0.105684
0.106329
0.106329
0.106006
0.106329
0.105362
0.106651
0.106651
0.105039
0.108264
0.106329
0.105039
0.106006
0.106006
0.106006
0.106329
0.106006
0.105362
0.106006
0.106006
0.106974
0.106329
0.104394
0.105362
0.106006
0.105684
0.106329
0.105039
0.106329
0.106006
0.105362
0.106006
0.106329
0.104717
0.105684
0.105362
0.105684
0.105684
0.105684
0.105684
0.106006
0.106651
0.105684
0.105362
0.105039
0.106006
0.106006
0.105039
0.105039
0.105684
0.106006
0.105362
0.105039
0.105362
0.105362
0.105362
0.104717
0.105039
0.106651
0.106006
0.103749
0.105362
0.105684
0.104717
0.105362
0.105684
0.105039
0.105684
0.103749
0.105039
0.108586
0.105362
0.104717
0.106329
0.105684
0.106006
0.106329
0.105039
0.105039
0.105684
0.105039
0.105362
0.105362
0.105362
0.106006
0.105039
0.106006
0.106006
0.108586
0.104394
0.105039
0.106006
0.105684
0.106329
0.105039
0.105362
0.105039
0.105362
0.106006
0.105684
0.105039
0.106974
0.106006
0.105362
0.105684
0.106651
0.105684
0.105039
0.105039
0.105362
0.105362
0.105039
0.105684
0.106006
0.106006
0.106006
0.104072
0.105684
0.104717
0.105684
0.104072
0.105684
0.104072
0.105684
0.105039
0.105684
0.104717
0.105684
0.104072
0.105684
0.104717
0.106329
0.105362
0.104717
0.104717
0.105362
0.105362
0.105039
0.105039
0.106329
0.103749
0.104717
0.105039
0.105039
0.105684
0.105362
0.104717
0.105362
0.104394
0.101492
0.104717
0.105039
0.104717
0.105039
0.106006
0.106006
0.106006
0.105362
0.106006
0.105684
0.105362
0.106329
0.105362
0.105362
0.106006
0.104717
0.105684
0.108264
0.104717
0.106651
0.105362
0.105684
0.104394
0.105039
0.106651
0.105684
0.104072
0.106006
0.105684
0.105684
0.106329
0.105362
0.105039
0.105684
0.106006
0.106006
0.105684
0.105362
0.106329
0.106006
0.105039
0.106329
0.106651
0.104717
0.105684
0.105684
0.106006
0.103427
0.106006
0.106006
0.105684
0.103749
0.106006
0.105039
0.106006
0.105362
0.105684
0.104072
0.105684
0.104717
0.106006
0.104072
0.105039
0.105039
0.106006
0.103427
0.107296
0.103749
0.105039
0.105039
0.106329
0.104072
0.105362
0.103749
0.107619
0.104717
0.106006
0.104717
0.108909
0.105039
0.105684
0.105362
0.105039
0.104394
0.106329
0.105039
0.105039
0.104717
0.104717
0.106006
0.104717
0.104072
0.105362
0.104717
0.106006
0.104072
0.107296
0.106329
0.105362
0.105684
0.105039
0.105362
0.106329
0.105362
0.106006
0.105362
0.106006
0.105684
0.102782
0.106329
0.106329
0.105039
0.105039
0.106006
0.106974
0.105362
0.105039
0.105362
0.105362
0.106329
0.106006
0.105362
0.106006
0.105684
0.106974
0.104717
0.105362
0.106651
0.105684
0.106329
0.105039
0.105684
0.106006
0.105362
0.105039
0.105362
0.105684
0.105684
0.104717
0.106974
0.105684
0.105362
0.103749
0.106006
0.106651
0.106006
0.105362
0.105039
0.105039
0.106651
0.105039
0.105362
0.105684
0.105684
0.106651
0.106006
0.104717
0.108586
0.105684
0.106329
0.104717
0.105362
0.105684
0.104717
0.104717
0.106006
0.106329
0.105039
0.105039
0.106974
0.105362
0.104717
0.104717
0.106329
0.105684
0.107619
0.105039
0.105039
0.105039
0.105362
0.105039
0.105362
0.105362
0.105039
0.105362
0.104717
0.105362
0.102459
0.105039
0.106006
0.105039
0.106006
0.105362
0.105039
0.106329
0.105684
0.105684
0.105362
0.104394
0.106974
0.105684
0.106006
0.103749
0.104717
0.107296
0.106651
0.105039
0.105039
0.106006
0.108264
0.105684
0.104072
0.105684
0.105362
0.106329
0.105039
0.105362
0.105039
0.105362
0.106329
0.104394
0.105684
0.105684
0.105684
0.105684
0.105684
0.106329
0.106651
0.104394
0.106651
0.105684
0.106006
0.105684
0.105039
0.106329
0.106651
0.109876
0.105362
0.105039
0.107296
0.104717
0.103749
0.104072
0.105362
0.107296
0.105362
0.105362
0.105039
0.106006
0.106329
0.105362
0.104717
0.105362
0.105039
0.107619
0.105039
0.105039
0.105684
0.105362
0.105684
0.105039
0.105039
0.105684
0.105362
0.106651
0.106006
0.103749
0.105039
0.105039
0.105684
0.106006
0.104717
0.105039
0.105039
0.107296
0.106006
0.103749
0.104717
0.105362
0.105684
0.104717
0.105362
0.105362
0.105039
0.106651
0.104072
0.106329
0.105684
0.105039
0.105684
0.105362
0.105684
0.106974
0.104717
0.106651
0.106006
0.105684
0.104717
0.106006
0.105684
0.106651
0.106006
0.105039
0.105684
0.107941
0.106006
0.105362
0.105039
0.106006
0.106651
0.105684
0.105362
0.105362
0.105039
0.106329
0.107619
0.105039
0.106329
0.105362
0.106651
0.105362
0.105684
0.106329
0.106974
0.106006
0.105362
0.106974
0.105362
0.106006
0.106006
0.106651
0.105684
0.106329
0.106329
0.107296
0.106329
0.106329
0.106329
0.104717
0.106329
0.106329
0.105362
0.105684
0.106974
0.106974
0.104394
0.106006
0.105362
0.105684
0.106651
0.106006
0.106006
0.105684
0.106006
0.105362
0.105039
0.106006
0.105039
0.105039
0.106329
0.106006
0.105039
0.104717
0.105684
0.106329
0.105684
0.105039
0.106006
0.105039
0.106974
0.105039
0.104717
0.105362
0.106006
0.105684
0.105362
0.105039
0.105039
0.106006
0.106329
0.105362
0.105684
0.105362
0.105684
0.106651
0.105362
0.105039
0.105362
0.105039
0.107296
0.105684
0.105684
0.105362
0.106006
0.108909
0.106006
0.105362
0.106329
0.105362
0.106974
0.105362
0.106006
0.106329
0.106329
0.106329
0.105684
0.107619
0.106651
0.105362
0.106651
0.105039
0.106329
0.106974
0.105684
0.106329
0.106006
0.105684
0.105362
0.104717
0.106974
0.105684
0.105362
0.104717
0.104717
0.106974
0.106974
0.104717
0.105684
0.104717
0.107296
0.105039
0.105039
0.105039
0.105684
0.106651
0.105362
0.104717
0.105039
0.106006
0.106006
0.103749
0.105362
0.106006
0.105362
0.106974
0.104717
0.106006
0.105362
0.105362
0.106006
0.106006
0.105684
0.105039
0.105362
0.106651
0.105362
0.105362
0.104717
0.105684
0.106006
0.104717
0.105039
0.105362
0.105039
0.106006
0.105039
0.105684
0.104717
0.105362
0.105684
0.104717
0.105039
0.105684
0.105362
0.106329
0.105362
0.106329
0.104394
0.104072
0.104717
0.107296
0.104717
0.104394
0.104717
0.106329
0.106006
0.105039
0.103749
0.104717
0.106006
0.105039
0.104717
0.106006
0.105039
0.106974
0.105362
0.105039
0.105039
0.106006
0.106329
0.105684
0.105684
0.106329
0.100524
0.107619
0.105362
0.106329
0.105362
0.105684
0.106006
0.105684
0.106651
0.106651
0.105362
0.106006
0.105362
0.106006
0.105362
0.105362
0.106329
0.106006
0.105362
0.106006
0.105362
0.106974
0.105684
0.106006
0.104717
0.105684
0.106006
0.105684
0.105684
0.105362
0.103749
0.106974
0.106006
0.106006
0.105362
0.104717
0.106651
0.106006
0.105684
0.104072
0.106006
0.106329
0.105039
0.104072
0.105039
0.105684
0.106974
0.104072
0.105039
0.106329
0.105362
0.106974
0.104394
0.104072
0.105684
0.105039
0.106329
0.105039
0.105039
0.105362
0.105362
0.106974
0.104717
0.106006
0.105362
0.104394
0.106651
0.103104
0.106006
0.105039
0.105039
0.106329
0.104717
0.105039
0.105362
0.104394
0.106651
0.107296
0.105039
0.108909
0.105039
0.106651
0.103427
0.104717
0.105362
0.105362
0.105362
0.107941
0.105684
0.105039
0.106006
0.106006
0.107296
0.106006
0.105362
0.104394
0.107296
0.104394
0.106329
0.105039
0.105684
0.106329
0.106651
0.104717
0.105684
0.105684
0.107619
0.104717
0.105684
0.104717
0.106651
0.109554
0.106329
0.105039
0.106329
0.105684
0.106329
0.104072
0.105684
0.106006
0.105362
0.105362
0.105039
0.106006
0.106651
0.105039
0.105684
0.106006
0.108909
0.104394
0.105039
0.105039
0.106651
0.106651
0.105039
0.105362
0.105684
0.105684
0.105684
0.104072
0.101169
0.105684
0.104717
0.104072
0.105362
0.104717
0.105039
0.106329
0.104717
0.105039
0.105039
0.105039
0.105039
0.104717
0.104717
0.105039
0.105039
0.104717
0.100524
0.104717
0.105039
0.106329
0.104717
0.104072
0.105039
0.105684
0.105684
0.104717
0.104717
0.106651
0.105362
0.106651
0.104394
0.106006
0.105684
0.105362
0.104717
0.106329
0.104717
0.104717
0.105362
0.104394
0.105039
0.106651
0.104394
0.105362
0.106651
0.104717
0.105362
0.106006
0.105362
0.105362
0.106006
0.105362
0.106006
0.105684
0.105684
0.106651
0.105362
0.106006
0.106651
0.106006
0.105362
0.106974
0.105362
0.106329
0.105039
0.109231
0.106006
0.106329
0.104717
0.105684
0.106006
0.106329
0.105039
0.105039
0.105362
0.105362
0.106006
0.102137
0.105684
0.105684
0.106006
0.105362
0.105362
0.106006
0.106651
0.106006
0.106006
0.105039
0.106329
0.105684
0.105039
0.105039
0.105684
0.106006
0.104717
0.102137
0.106006
0.106329
0.105039
0.105039
0.105684
0.105039
0.105039
0.106329
0.106651
0.103427
0.106329
0.105039
0.104717
0.105684
0.104717
0.105039
0.105362
0.104717
0.105362
0.105039
0.105039
0.104717
0.104717
0.104717
0.104717
0.104717
0.105684
0.105684
0.105684
0.104717
0.105684
0.105684
0.105362
0.104394
0.105684
0.106329
0.106006
0.105684
0.105684
0.105684
0.106974
0.105039
0.105684
0.106006
0.106329
0.105362
0.105039
0.106651
0.110844
0.105362
0.105684
0.105684
0.107296
0.105362
0.105039
0.106006
0.106651
0.106006
0.105362
0.105684
0.106329
0.106006
0.106651
0.105362
0.106006
0.104717
0.106651
0.105684
0.105362
0.105362
0.105362
0.104717
0.106006
0.104717
0.105362
0.104717
0.106006
0.105039
0.101169
0.106329
0.105362
0.105684
0.106006
0.105362
0.105362
0.105362
0.105039
0.106329
0.106006
0.104717
0.105684
0.106006
0.105039
0.105362
0.105039
0.105362
0.106329
0.104717
0.104717
0.105684
0.105684
0.106329
0.104717
0.105362
0.106329
0.105684
0.105039
0.106006
0.105684
0.106006
0.104717
0.105362
0.105684
0.105684
0.105684
0.106006
0.105684
0.106651
0.105684
0.105039
0.105362
0.106329
0.106006
0.105684
0.105684
0.105684
0.106329
0.108264
0.104717
0.105684
0.105684
0.105362
0.105039
0.106006
0.106006
0.106651
0.105039
0.105684
0.106329
0.102459
0.105039
0.106329
0.106006
0.106974
0.104717
0.105684
0.106006
0.106974
0.106006
0.105684
0.105362
0.106006
0.106329
0.105362
0.105362
0.105362
0.106651
0.103427
0.104717
0.105362
0.106974
0.105684
0.105684
0.105684
0.105039
0.105684
0.105684
0.104717
0.105039
0.106006
0.105684
0.106006
0.105684
0.106651
0.106329
0.105684
0.105362
0.106974
0.106329
0.105684
0.105039
0.105039
0.105362
0.105362
0.105039
0.104717
0.104717
0.104717
0.105039
0.106006
0.106006
0.104717
0.105039
0.105362
0.105684
0.105684
0.105684
0.106006
0.105362
0.105362
0.104717
0.105362
0.105684
0.105684
0.105684
0.105039
0.108586
0.105039
0.106651
0.106329
0.105362
0.104717
0.106651
0.104394
0.106329
0.106006
0.106006
0.105362
0.103427
0.105039
0.106006
0.105684
0.105684
0.105684
0.106651
0.106006
0.104717
0.105362
0.106974
0.106006
0.105362
0.106006
0.106006
0.105684
0.105684
0.105039
0.104072
0.105362
0.106329
0.105684
0.105039
0.105684
0.106651
0.106329
0.105684
0.106329
0.106006
0.105039
0.106006
0.105039
0.105684
0.105039
0.106006
0.106006
0.106006
0.105362
0.104717
0.105684
0.106651
0.106329
0.105362
0.106329
0.106006
0.105684
0.106329
0.105684
0.106329
0.106006
0.106006
0.105684
0.105684
0.105684
0.105684
0.106006
0.105362
0.106651
0.106006
0.104394
0.105684
0.106974
0.106651
0.105684
0.105362
0.105362
0.106329
0.108586
0.105039
0.106006
0.105362
0.106329
0.105684
0.105039
0.105362
0.106329
0.106329
0.105362
0.105684
0.101814
0.105684
0.104717
0.105362
0.105684
0.105684
0.106006
0.105362
0.105362
0.105362
0.105039
0.105684
0.105684
0.104717
0.105684
0.106006
0.104717
0.105362
0.111489
0.105039
0.105362
0.105684
0.106006
0.106006
0.105039
0.106329
0.106651
0.106006
0.105362
0.105362
0.105039
0.106329
0.105362
0.105362
0.106329
0.105362
0.106006
0.104717
0.105684
0.106006
0.106006
0.105362
0.106329
0.106006
0.106006
0.105684
0.105362
0.105039
0.105684
0.105362
0.106974
0.105684
0.106006
0.106651
0.105362
0.106006
0.106329
0.106329
0.105684
0.104717
0.105684
0.106329
0.106006
0.105684
0.106329
0.106006
0.106651
0.108264
0.106329
0.105684
0.106006
0.105684
0.105684
0.105684
0.106006
0.104717
0.105362
0.105362
0.106329
0.103749
0.106006
0.106006
0.106006
0.105039
0.105684
0.106329
0.106329
0.106651
0.105362
0.105362
0.105039
0.106006
0.106329
0.105362
0.106329
0.107296
0.105684
0.102137
0.106006
0.105039
0.106651
0.105684
0.105039
0.105684
0.105684
0.105039
0.104072
0.105039
0.106006
0.106006
0.105684
0.105684
0.105684
0.106006
0.105039
0.105362
0.105362
0.106329
0.107296
0.104717
0.104717
0.106006
0.106006
0.106006
0.106329
0.106329
0.105362
0.105684
0.105362
0.105362
0.106329
0.106329
0.106006
0.106006
0.106006
0.106329
0.105684
0.106006
0.106006
0.106006
0.106006
0.106329
0.105362
0.106329
0.105039
0.106006
0.108264
0.106006
0.105684
0.106006
0.105362
0.106006
0.106006
0.105362
0.106329
0.106329
0.106329
0.105684
0.101492
0.105362
0.106974
0.106329
0.105684
0.106006
0.105362
0.106006
0.105362
0.105362
0.105039
0.106329
0.105039
0.106006
0.105684
0.105684
0.105684
0.105684
0.107941
0.107296
0.105362
0.105039
0.105684
0.105362
0.105362
0.105684
0.105362
0.104717
0.106651
0.106006
0.104717
0.106006
0.106329
0.106006
0.105362
0.105039
0.106006
0.104717
0.105362
0.105684
0.105362
0.106006
0.105684
0.105039
0.105684
0.105684
0.106006
0.105362
0.106006
0.105684
0.106329
0.105039
0.105684
0.106329
0.105684
0.105684
0.106974
0.106006
0.106329
0.104717
0.105039
0.106329
0.106974
0.105362
0.106006
0.105039
0.105362
0.107941
0.105362
0.105039
0.107296
0.106329
0.105684
0.105684
0.105362
0.106329
0.105684
0.105039
0.106006
0.105362
0.106006
0.105039
0.105362
0.106006
0.106974
0.105362
0.106006
0.105684
0.106329
0.105039
0.105684
0.105684
0.106329
0.107296
0.106006
0.104072
0.104717
0.110844
0.105684
0.104717
0.107296
0.106329
0.106006
0.105362
0.106329
0.105684
0.105684
0.105362
0.105684
0.106329
0.106006
0.105039
0.105684
0.105684
0.106329
0.106651
0.106329
0.106006
0.106006
0.104717
0.105039
0.106329
0.105684
0.106006
0.106006
0.105039
0.106006
0.106006
0.105362
0.105362
0.105684
0.106651
0.106006
0.105684
0.106329
0.105684
0.106651
0.106006
0.105362
0.106974
0.106006
0.105362
0.105684
0.106329
0.106329
0.106006
0.108264
0.106006
0.106329
0.105362
0.106329
0.106651
0.106329
0.106329
0.106006
0.106329
0.105684
0.106006
0.106651
0.106329
0.106006
0.106329
0.106974
0.104394
0.104717
0.106651
0.105362
0.106651
0.106006
0.106329
0.106006
0.106329
0.105362
0.106006
0.105684
0.105684
0.110521
0.105684
0.105362
0.105362
0.105362
0.106006
0.106651
0.106329
0.105362
0.106329
0.105684
0.105684
0.106006
0.106651
0.106651
0.105684
0.105362
0.106329
0.104394
0.106006
0.105684
0.105039
0.106329
0.106974
0.104717
0.105362
0.106006
0.105684
0.106329
0.106006
0.105684
0.106329
0.106329
0.105039
0.106006
0.106651
0.106329
0.106329
0.105684
0.106006
0.105362
0.105684
0.105039
0.106006
0.106651
0.106329
0.106329
0.105362
0.106329
0.109876
0.105684
0.105684
0.106006
0.106974
0.107296
0.106006
0.105362
0.106329
0.106651
0.105684
0.105362
0.106974
0.106329
0.106329
0.105684
0.106006
0.106329
0.106006
0.106006
0.105362
0.106006
0.106329
0.106329
0.105362
0.106006
0.106651
0.105684
0.106329
0.106329
0.110199
0.106974
0.105684
0.106329
0.106006
0.106006
0.106329
0.106329
0.105684
0.106006
0.105362
0.105684
0.105684
0.106329
0.105362
0.106651
0.106006
0.106329
0.105684
0.105362
0.106006
0.107619
0.105362
0.105362
0.106329
0.106329
0.106651
0.105684
0.105039
0.106006
0.105684
0.105039
0.104717
0.105039
0.105684
0.106329
0.105039
0.105362
0.105684
0.106329
0.104717
0.105362
0.104072
0.107941
0.105362
0.106006
0.105039
0.106006
0.106006
0.106329
0.105039
0.106651
0.105362
0.104717
0.105362
0.106006
0.106329
0.106651
0.105684
0.105362
0.105362
0.103749
0.105684
0.106651
0.106006
0.105684
0.106006
0.106006
0.105362
0.106329
0.105362
0.106651
0.106329
0.105362
0.106006
0.107296
0.106329
0.106006
0.104717
0.108909
0.107296
0.106329
0.105362
0.106006
0.106651
0.106006
0.106651
0.105362
0.106006
0.107296
0.106006
0.103749
0.106329
0.106006
0.106329
0.104717
0.105684
0.105039
0.107296
0.105684
0.105362
0.105684
0.106329
0.106651
0.105684
0.105684
0.106329
0.106974
0.105362
0.104072
0.106651
0.108264
0.105039
0.105039
0.105684
0.105684
0.106329
0.106006
0.105362
0.106006
0.106651
0.105362
0.105362
0.105684
0.106006
0.105039
0.105684
0.105039
0.106974
0.105684
0.105362
0.106329
0.105684
0.105362
0.105684
0.105684
0.105684
0.106974
0.106006
0.105362
0.102459
0.106006
0.106329
0.106974
0.106651
0.105039
0.106329
0.105039
0.106329
0.106006
0.106651
0.105684
0.106006
0.106329
0.106651
0.105362
0.106329
0.106006
0.108264
0.106006
0.106329
0.106651
0.106651
0.105684
0.106006
0.106651
0.106651
0.106651
0.106329
0.104717
0.105039
0.106974
0.106329
0.105684
0.107296
0.106006
0.106329
0.106651
0.107296
0.106651
0.106651
0.106329
0.106974
0.105684
0.106651
0.106651
0.106329
0.105362
0.106651
0.106329
0.106329
0.105684
0.105684
0.106006
0.105362
0.106006
0.105039
0.105684
0.105039
0.106006
0.105684
0.106006
0.106006
0.106329
0.106329
0.105684
0.105684
0.106651
0.105684
0.106329
0.104717
0.105684
0.105684
0.106006
0.106329
0.106006
0.106006
0.105684
0.106006
0.106651
0.104717
0.106329
0.105039
0.106006
0.105684
0.105039
0.105362
0.106329
0.104394
0.105362
0.106006
0.106006
0.106329
0.106329
0.105684
0.106329
0.106006
0.107619
0.106006
0.106329
0.106329
0.106651
0.104717
0.104717
0.107296
0.106006
0.103749
0.105684
0.106006
0.103104
0.105362
0.105362
0.105684
0.106329
0.105684
0.105362
0.105362
0.105684
0.105684
0.106651
0.105684
0.105684
0.105684
0.106006
0.105684
0.106006
0.106651
0.106006
0.106006
0.106974
0.106006
0.106329
0.105684
0.106651
0.106974
0.106006
0.106006
0.107296
0.106006
0.105684
0.106651
0.106006
0.106974
0.106329
0.105039
0.106006
0.106329
0.106651
0.105684
0.105362
0.106006
0.106974
0.106006
0.104717
0.105362
0.106329
0.107296
0.105684
0.100524
0.105684
0.107296
0.106006
0.105684
0.105684
0.106974
0.106651
0.105684
0.105362
0.105684
0.106974
0.105362
0.104072
0.105362
0.107941
0.105684
0.105362
0.108586
0.106329
0.106974
0.105684
0.105362
0.105362
0.106651
0.105362
0.106329
0.105362
0.106651
0.105362
0.106329
0.105684
0.106329
0.105684
0.106651
0.105684
0.106006
0.106329
0.106006
0.106329
0.106006
0.105684
0.106651
0.106006
0.106651
0.106329
0.105362
0.106006
0.106974
0.106329
0.105362
0.105684
0.106006
0.106651
0.106329
0.105362
0.105684
0.105362
0.106329
0.105039
0.105039
0.105684
0.106974
0.105362
0.105362
0.106006
0.106651
0.106974
0.105362
0.106006
0.106651
0.106651
0.105362
0.106329
0.106974
0.106651
0.106329
0.104717
0.106329
0.108264
0.105684
0.106006
0.106974
0.107296
0.105684
0.105039
0.105362
0.106329
0.106329
0.106329
0.105362
0.106006
0.106974
0.105684
0.104717
0.106651
0.105684
0.108909
0.106974
0.105684
0.105684
0.106329
0.105684
0.106006
0.106006
0.106006
0.105684
0.105362
0.105684
0.105039
0.106006
0.105684
0.106329
0.106329
0.105039
0.105684
0.106006
0.106006
0.105039
0.105684
0.106006
0.106329
0.106651
0.106006
0.105362
0.106329
0.105684
0.106329
0.105684
0.106006
0.105362
0.107296
0.104394
0.104717
0.106329
0.106329
0.106006
0.105362
0.106006
0.106651
0.106651
0.105362
0.105684
0.106974
0.106006
0.106329
0.106651
0.106329
0.107296
0.106974
0.104717
0.104717
0.106651
0.106651
0.105362
0.106329
0.105362
0.106329
0.101492
0.106974
0.105362
0.106974
0.106329
0.106006
0.106329
0.106329
0.106651
0.106651
0.106006
0.106006
0.106651
0.106329
0.106006
0.106974
0.105684
0.106651
0.106651
0.106006
0.106651
0.106974
0.106006
0.106974
0.106329
0.106329
0.105684
0.106329
0.106974
0.106974
0.105684
0.106006
0.106651
0.106006
0.105684
0.105684
0.105362
0.106329
0.106329
0.105362
0.106651
0.106006
0.106651
0.106329
0.105684
0.106329
0.106974
0.106329
0.105039
0.106006
0.106329
0.106329
0.105039
0.105362
0.106651
0.106006
0.106006
0.105684
0.106329
0.106974
0.105362
0.103749
0.106974
0.106006
0.106651
0.106329
0.105684
0.107941
0.107619
0.106329
0.105684
0.106006
0.106006
0.106329
0.105684
0.105362
0.106006
0.106651
0.105684
0.105362
0.106651
0.106651
0.106651
0.106006
0.106006
0.105039
0.106974
0.106006
0.106006
0.105684
0.107296
0.106329
0.106329
0.107296
0.106974
0.106974
0.106329
0.104717
0.107296
0.106651
0.106329
0.106329
0.106651
0.106651
0.106974
0.105684
0.106651
0.107296
0.106329
0.106329
0.107296
0.106651
0.106974
0.105684
0.106006
0.106329
0.106651
0.105684
0.106006
0.106974
0.106651
0.105362
0.106974
0.106974
0.106651
0.105684
0.105684
0.107296
0.106329
0.106006
0.104717
0.105684
0.106329
0.106651
0.106006
0.105039
0.106006
0.106651
0.106006
0.104394
0.105684
0.106329
0.105684
0.106006
0.104717
0.105684
0.109554
0.106006
0.104717
0.105684
0.106006
0.105684
0.105039
0.105039
0.105684
0.106006
0.105039
0.105362
0.105039
0.106329
0.104717
0.105684
0.104394
0.105684
0.105684
0.105684
0.104717
0.105684
0.106006
0.105684
0.105684
0.105684
0.106006
0.106974
0.106006
0.105039
0.109231
0.106329
0.105362
0.105684
0.105039
0.106329
0.105039
0.106006
0.106329
0.106006
0.105684
0.106651
0.106006
0.106651
0.105039
0.106651
0.106329
0.106329
0.104717
0.106974
0.106974
0.106974
0.106006
0.106329
0.106651
0.106651
0.106974
0.106006
0.105684
0.107296
0.105684
0.106006
0.106651
0.106329
0.107296
0.106329
0.105684
0.107296
0.106651
0.106974
0.106006
0.106651
0.106329
0.107296
0.106329
0.106329
0.106974
0.106651
0.106006
0.107619
0.106329
0.106006
0.106329
0.105684
0.105039
0.105684
0.106974
0.106006
0.105362
0.105684
0.106329
0.103427
0.105684
0.105362
0.105684
0.105684
0.105684
0.106006
0.106006
0.105362
0.105039
0.106329
0.105684
0.105684
0.106329
0.105039
0.106651
0.106651
0.105362
0.108909
0.107619
0.105684
0.106006
0.106651
0.106006
0.105362
0.105684
0.105039
0.105684
0.106329
0.106974
0.105362
0.105362
0.105684
0.107296
0.106329
0.105362
0.104717
0.106651
0.106974
0.106006
0.105362
0.106651
0.106974
0.106974
0.105362
0.106006
0.106974
0.107296
0.106006
0.105684
0.106651
0.106651
0.106329
0.106329
0.105362
0.107941
0.106006
0.106006
0.106651
0.106006
0.106329
0.106006
0.106006
0.106006
0.106006
0.106006
0.105684
0.107619
0.105362
0.106329
0.106651
0.105684
0.106329
0.106006
0.106006
0.105362
0.106006
0.105684
0.105362
0.102137
0.106329
0.105684
0.105362
0.105684
0.105684
0.105684
0.104717
0.106329
0.105684
0.106329
0.105684
0.105039
0.104394
0.105684
0.106006
0.105362
0.105362
0.109876
0.105684
0.104717
0.105039
0.105039
0.105684
0.105039
0.104717
0.105362
0.106329
0.105039
0.105039
0.105684
0.105362
0.106329
0.105362
0.104717
0.105684
0.106329
0.105684
0.105362
0.105684
0.106006
0.106651
0.105684
0.105362
0.106651
0.106329
0.105684
0.105684
0.105684
0.106006
0.105039
0.106329
0.105684
0.106006
0.105684
0.106974
0.106329
0.106974
0.105362
0.106006
0.106329
0.106006
0.106329
0.106006
0.105684
0.106651
0.105362
0.108264
0.106006
0.106974
0.105684
0.106974
0.106006
0.106329
0.106974
0.106651
0.105362
0.105684
0.106006
0.107619
0.104717
0.104717
0.105684
0.106651
0.104717
0.105684
0.105362
0.106329
0.105362
0.105362
0.105362
0.105362
0.106006
0.106006
0.104717
0.105684
0.105039
0.106006
0.105362
0.105039
0.105039
0.106329
0.104717
0.105039
0.106651
0.106006
0.105362
0.106006
0.106006
0.106329
0.106974
0.105039
0.105684
0.106006
0.106329
0.105362
0.105039
0.106006
0.106329
0.104717
0.105039
0.106329
0.106329
0.105039
0.105684
0.105039
0.106006
0.107619
0.105039
0.105362
0.105684
0.106651
0.106006
0.105362
0.106329
0.105684
0.106006
0.105684
0.105684
0.105362
0.106651
0.106006
0.106006
0.105362
0.106006
0.105362
0.108909
0.106006
0.106974
0.105684
0.104717
0.106329
0.106651
0.106006
0.106006
0.106006
0.106329
0.106006
0.107296
0.105039
0.106006
0.106329
0.105362
0.105684
0.106006
0.106006
0.106329
0.105039
0.105684
0.106651
0.105684
0.105362
0.106329
0.106006
0.106006
0.105684
0.106651
0.106329
0.106974
0.105039
0.105362
0.105362
0.106006
0.106006
0.106006
0.105039
0.106329
0.106006
0.106006
0.106329
0.105039
0.106006
0.106006
0.105684
0.105362
0.105362
0.106329
0.105684
0.105362
0.105684
0.106006
0.105039
0.105684
0.106651
0.105684
0.106329
0.106006
0.105684
0.106006
0.106651
0.105039
0.106006
0.106006
0.104717
0.106006
0.106006
0.106006
0.105684
0.104394
0.106006
0.106329
0.106329
0.105039
0.106651
0.105684
0.107941
0.106006
0.105684
0.105684
0.106006
0.106329
0.105362
0.106006
0.106006
0.106006
0.106329
0.105039
0.102782
0.106006
0.106651
0.105362
0.106651
0.106329
0.106974
0.106006
0.106329
0.105684
0.106974
0.106974
0.105684
0.106006
0.106974
0.106006
0.105684
0.104717
0.109231
0.106329
0.106006
0.104394
0.106651
0.105684
0.106651
0.106006
0.105684
0.106006
0.106974
0.105362
0.105039
0.105362
0.106651
0.106006
0.105684
0.105039
0.106974
0.105684
0.106329
0.106006
0.106006
0.106006
0.106006
0.106651
0.106329
0.106651
0.106006
0.104717
0.105039
0.106974
0.106329
0.105684
0.106651
0.105684
0.106651
0.105362
0.106006
0.106329
0.106006
0.105039
0.106329
0.105684
0.106006
0.105362
0.106974
0.105684
0.106006
0.108586
0.105362
0.105362
0.106329
0.105684
0.105362
0.106006
0.106329
0.106006
0.105039
0.105039
0.106974
0.104717
0.105362
0.105039
0.106006
0.105039
0.106329
0.105362
0.105362
0.106651
0.106006
0.105362
0.105362
0.105684
0.105684
0.106974
0.105039
0.105684
0.106006
0.109554
0.105039
0.106329
0.106006
0.107619
0.106006
0.106006
0.106329
0.107619
0.106329
0.105684
0.105039
0.106329
0.106006
0.106329
0.105362
0.104717
0.106651
0.107941
0.106006
0.104717
0.106651
0.105684
0.106329
0.105362
0.105362
0.106329
0.105362
0.105684
0.106006
0.105684
0.105684
0.106006
0.105039
0.106329
0.105362
0.106006
0.105684
0.106329
0.105684
0.106006
0.106329
0.105362
0.106006
0.106329
0.105362
0.106329
0.105684
0.105684
0.107941
0.106006
0.106329
0.105684
0.105684
0.106006
0.105362
0.106006
0.104717
0.105362
0.106329
0.105362
0.105684
0.106006
0.106006
0.106329
0.105362
0.105684
0.106006
0.106974
0.105684
0.105684
0.106329
0.105684
0.106651
0.105684
0.105362
0.106006
0.107296
0.105684
0.109231
0.106006
0.106006
0.106329
0.105684
0.105362
0.106651
0.106651
0.104394
0.106006
0.105039
0.105684
0.106006
0.106006
0.105684
0.106974
0.107296
0.105362
0.105684
0.106006
0.106651
0.105362
0.105684
0.105684
0.106006
0.106329
0.106006
0.106006
0.105362
0.106006
0.106329
0.105362
0.106329
0.105684
0.105362
0.106006
0.106006
0.106329
0.106329
0.106006
0.106651
0.106329
0.106006
0.105684
0.106006
0.106651
0.106974
0.105039
0.106006
0.109876
0.106329
0.105039
0.106006
0.105684
0.106974
0.106329
0.105039
0.105684
0.106651
0.105684
0.105684
0.102459
0.105362
0.106329
0.105684
0.105039
0.106006
0.106651
0.106651
0.106006
0.105684
0.105684
0.107296
0.106006
0.104717
0.104717
0.106651
0.104717
0.106006
0.101492
0.105362
0.105684
0.106651
0.105362
0.106006
0.106651
0.105684
0.105362
0.106329
0.105684
0.105362
0.105684
0.106974
0.105684
0.105684
0.106329
0.106651
0.106329
0.106006
0.105684
0.105684
0.105684
0.105684
0.104717
0.106006
0.106329
0.105362
0.106651
0.106974
0.106329
0.106329
0.106006
0.105362
0.105684
0.106651
0.106651
0.105039
0.105684
0.106974
0.106329
0.105362
0.105362
0.105684
0.106974
0.105362
0.105362
0.106006
0.106329
0.108909
0.106006
0.106329
0.106651
0.106974
0.105362
0.106006
0.106329
0.106974
0.107296
0.106329
0.105684
0.106651
0.106974
0.106974
0.106006
0.105684
0.106651
0.108586
0.106329
0.106329
0.106974
0.106006
0.106974
0.105684
0.106329
0.105684
0.106006
0.106006
0.106006
0.104717
0.106974
0.105684
0.106006
0.106329
0.105684
0.106651
0.106329
0.105684
0.106006
0.105039
0.106006
0.106974
0.106006
0.104717
0.107296
0.106329
0.106006
0.105039
0.106006
0.106006
0.106329
0.104717
0.106006
0.105684
0.106006
0.106006
0.105362
0.106006
0.105684
0.105684
0.105684
0.105684
0.106329
0.106006
0.105039
0.105362
0.106974
0.106006
0.106329
0.105684
0.106006
0.106651
0.106974
0.106006
0.105684
0.106651
0.106329
0.105684
0.102137
0.106329
0.106651
0.104717
0.105362
0.107296
0.106651
0.106651
0.105684
0.105684
0.106006
0.106651
0.106329
0.106006
0.105362
0.106974
0.106329
0.106006
0.107941
0.106006
0.106006
0.106329
0.106329
0.106006
0.106006
0.105684
0.106651
0.106329
0.105684
0.105362
0.105039
0.106329
0.106006
0.105362
0.106006
0.106651
0.105684
0.106006
0.106006
0.105684
0.105362
0.106974
0.104717
0.105684
0.105362
0.105684
0.105684
0.105039
0.104717
0.106651
0.105684
0.105362
0.106006
0.106006
0.104717
0.106006
0.105362
0.105684
0.105684
0.106329
0.105684
0.106006
0.106006
0.106006
0.105684
0.106329
0.105039
0.106974
0.106006
0.106329
0.104394
0.105039
0.105684
0.105684
0.106651
0.105684
0.105362
0.106651
0.106006
0.101492
0.105362
0.105362
0.106651
0.106651
0.105362
0.105039
0.106651
0.106974
0.106006
0.105362
0.105684
0.106329
0.106651
0.106329
0.105362
0.106329
0.106651
0.108586
0.106006
0.105362
0.106651
0.106651
0.104717
0.105362
0.106974
0.106329
0.105684
0.105684
0.105362
0.106651
0.106651
0.105684
0.105362
0.106006
0.106651
0.105362
0.106006
0.105362
0.106974
0.105362
0.105684
0.106329
0.106974
0.105684
0.106006
0.105684
0.106651
0.105684
0.106329
0.105684
0.106651
0.105684
0.105362
0.105362
0.106329
0.105039
0.105362
0.106006
0.106651
0.105362
0.105039
0.104394
0.106329
0.106006
0.106006
0.105362
0.105684
0.105039
0.106006
0.105039
0.105684
0.106006
0.106974
0.105039
0.105684
0.106329
0.106329
0.107296
0.107296
0.105684
0.106974
0.106329
0.105362
0.106329
0.106329
0.106329
0.106006
0.105684
0.106329
0.106974
0.106329
0.106329
0.105684
0.106006
0.106651
0.105362
0.108586
0.106006
0.106651
0.106651
0.106006
0.105039
0.106329
0.106329
0.106974
0.106329
0.106006
0.106974
0.102459
0.106329
0.105362
0.106006
0.106329
0.106329
0.105684
0.106006
0.106006
0.106329
0.106006
0.106329
0.106006
0.106006
0.105362
0.106329
0.106006
0.105684
0.103749
0.105362
0.106006
0.106006
0.105684
0.106329
0.104717
0.106651
0.105039
0.106329
0.105684
0.106329
0.104394
0.106329
0.105684
0.106006
0.104717
0.106006
0.106006
0.105684
0.105362
0.105039
0.106006
0.106651
0.105039
0.105039
0.105039
0.106329
0.105684
0.105362
0.104394
0.109554
0.105362
0.105362
0.104072
0.105362
0.105684
0.106006
0.104394
0.105684
0.106006
0.105684
0.104394
0.104394
0.105684
0.105039
0.106651
0.105039
0.105362
0.107941
0.106006
0.104717
0.105684
0.105684
0.105684
0.105039
0.105362
0.105362
0.106006
0.105684
0.105039
0.104072
0.106006
0.105362
0.106006
0.106651
0.106006
0.105684
0.105039
0.105362
0.106006
0.106329
0.106006
0.106006
0.106329
0.106329
0.105362
0.106006
0.106006
0.105362
0.106329
0.104394
0.106006
0.106329
0.106006
0.105362
0.106329
0.105684
0.106006
0.106006
0.105039
0.106006
0.106329
0.105362
0.105684
0.105362
0.105362
0.106651
0.104717
0.104717
0.106329
0.106006
0.105362
0.104394
0.105039
0.106006
0.106329
0.104717
0.106329
0.105684
0.110199
0.104717
0.105362
0.104717
0.106651
0.105362
0.104717
0.105039
0.106651
0.106006
0.105362
0.105362
0.104717
0.106006
0.106329
0.105684
0.105684
0.105039
0.107619
0.105039
0.105684
0.106329
0.105039
0.105362
0.106006
0.106974
0.105684
0.105362
0.105684
0.105362
0.103749
0.105362
0.106329
0.105362
0.106006
0.105362
0.105362
0.105684
0.106651
0.105039
0.105362
0.106329
0.105039
0.105684
0.105362
0.105362
0.106006
0.106329
0.104394
0.106006
0.106974
0.106651
0.106651
0.106006
0.106329
0.107296
0.106651
0.105362
0.106006
0.105684
0.106651
0.105684
0.105684
0.105684
0.106006
0.106329
0.105362
0.106006
0.106651
0.106651
0.105684
0.106006
0.105684
0.106651
0.106006
0.105684
0.106006
0.106329
0.105362
0.107941
0.106329
0.105684
0.106006
0.106329
0.105362
0.105039
0.106329
0.105362
0.105684
0.105039
0.104717
0.104072
0.106651
0.106006
0.104717
0.105684
0.105362
0.106651
0.105362
0.105684
0.105684
0.105684
0.105362
0.106006
0.104394
0.105362
0.106006
0.105684
0.104717
0.103104
0.104717
0.106006
0.105684
0.104394
0.105684
0.105684
0.106329
0.105362
0.105039
0.106329
0.105684
0.105684
0.105362
0.105684
0.106329
0.106651
0.104717
0.105684
0.106329
0.105362
0.105362
0.106006
0.105039
0.106974
0.105684
0.104717
0.106006
0.106006
0.106006
0.106329
0.105039
0.106329
0.106651
0.106006
0.105684
0.106974
0.106651
0.106006
0.106006
0.105039
0.106329
0.106329
0.106006
0.105684
0.105362
0.105684
0.106329
0.105362
0.108264
0.106974
0.106006
0.104717
0.106006
0.106329
0.106006
0.106329
0.106006
0.106006
0.105039
0.106329
0.106006
0.106329
0.105684
0.106006
0.106006
0.105362
0.106651
0.106006
0.106329
0.105362
0.105684
0.106329
0.105039
0.105684
0.106974
0.105362
0.105684
0.106651
0.104072
0.106651
0.105362
0.105362
0.105684
0.105684
0.105362
0.105684
0.105684
0.105684
0.106329
0.104072
0.105362
0.106329
0.106329
0.105039
0.105039
0.105039
0.105684
0.105684
0.104717
0.104717
0.106006
0.106006
0.105039
0.104717
0.106329
0.106329
0.106006
0.104717
0.105039
0.106329
0.105362
0.105039
0.105362
0.106006
0.106651
0.105039
0.104717
0.105039
0.107941
0.105039
0.105362
0.105362
0.105684
0.105362
0.105684
0.105039
0.106974
0.109231
0.106006
0.106006
0.105362
0.106006
0.106006
0.105362
0.106651
0.104717
0.105684
0.106006
0.105362
0.104717
0.106651
0.105039
0.106329
0.106006
0.106006
0.106329
0.105362
0.106006
0.106006
0.104717
0.105039
0.105684
0.106974
0.105362
0.106006
0.105362
0.106329
0.100847
0.105039
0.105362
0.105684
0.105684
0.104717
0.105362
0.105362
0.106329
0.105362
0.105684
0.105684
0.105684
0.106006
0.105362
0.105039
0.105362
0.105684
0.104394
0.104717
0.104717
0.105362
0.105362
0.105039
0.105362
0.105039
0.106006
0.105684
0.104717
0.103427
0.105684
0.105362
0.105362
0.105039
0.105684
0.104717
0.106006
0.105362
0.106006
0.105039
0.105362
0.105362
0.106006
0.105039
0.105684
0.105362
0.105362
0.104717
0.104717
0.107619
0.105684
0.105362
0.104717
0.104717
0.104717
0.105039
0.105362
0.104072
0.105039
0.105684
0.106006
0.105684
0.104717
0.105684
0.107296
0.104717
0.105039
0.105362
0.105684
0.106329
0.105362
0.105039
0.106006
0.105362
0.105362
0.105684
0.105362
0.106006
0.106329
0.107296
0.105684
0.105362
0.105039
0.105362
0.106006
0.105684
0.106329
0.105362
0.106006
0.106329
0.105362
0.105362
0.106006
0.106006
0.106651
0.105684
0.104717
0.106329
0.106974
0.104717
0.105684
0.105362
0.105684
0.105684
0.105684
0.106006
0.105039
0.105362
0.106006
0.105362
0.105684
0.106329
0.104717
0.104717
0.105362
0.105039
0.105362
0.105039
0.105039
0.105684
0.105362
0.104072
0.105684
0.105039
0.105362
0.105684
0.104072
0.105362
0.108586
0.105684
0.104717
0.105039
0.105684
0.105684
0.105039
0.105039
0.105362
0.106329
0.105362
0.105362
0.102137
0.106651
0.105362
0.105039
0.104394
0.106006
0.105362
0.105362
0.104717
0.106329
0.106329
0.105684
0.105362
0.105684
0.105362
0.106329
0.106006
0.106006
0.101814
0.106651
0.105684
0.105039
0.105039
0.107296
0.106006
0.105039
0.105684
0.106974
0.105684
0.106329
0.105362
0.105684
0.106006
0.106329
0.106006
0.106006
0.105684
0.106329
0.106329
0.106329
0.106329
0.106974
0.105684
0.106006
0.105684
0.106329
0.106651
0.105684
0.105684
0.106329
0.105039
0.106651
0.106651
0.105684
0.105362
0.106329
0.106006
0.106974
0.105362
0.106006
0.105684
0.106651
0.106006
0.105684
0.105684
0.106651
0.106006
0.107619
0.105684
0.106006
0.106651
0.105684
0.105039
0.105039
0.106651
0.105039
0.104717
0.105362
0.105684
0.103104
0.105362
0.104717
0.105684
0.106329
0.105362
0.106329
0.106006
0.105684
0.106651
0.106006
0.105684
0.104394
0.105039
0.105684
0.106006
0.105362
0.106006
0.101814
0.106329
0.105039
0.106006
0.106006
0.106974
0.105362
0.106329
0.106329
0.105684
0.106651
0.106329
0.105039
0.106329
0.106006
0.106006
0.106651
0.105684
0.106329
0.107619
0.106651
0.105684
0.106329
0.106651
0.106651
0.106651
0.105362
0.106974
0.106329
0.106651
0.105684
0.106006
0.106651
0.106974
0.106006
0.106006
0.105684
0.106329
0.106329
0.106329
0.105039
0.106974
0.106006
0.105684
0.105684
0.106006
0.106651
0.106651
0.105362
0.108909
0.106329
0.106974
0.105684
0.106006
0.105684
0.106974
0.105362
0.106006
0.106006
0.106974
0.106329
0.106006
0.104394
0.106329
0.106974
0.106006
0.104717
0.105684
0.105039
0.106329
0.106651
0.106006
0.105684
0.106006
0.105362
0.105039
0.106006
0.105039
0.106006
0.109231
0.105684
0.105684
0.105362
0.105039
0.106006
0.105684
0.106006
0.106006
0.106651
0.105684
0.105684
0.105039
0.106651
0.105684
0.105684
0.104717
0.105039
0.106651
0.106329
0.104394
0.106006
0.106006
0.106329
0.105039
0.105362
0.105362
0.107941
0.105684
0.105039
0.106651
0.106329
0.106974
0.106006
0.105362
0.105684
0.106329
0.106651
0.106006
0.106006
0.106651
0.106651
0.105362
0.105684
0.106651
0.106974
0.105684
0.106006
0.106006
0.107619
0.106006
0.106329
0.106651
0.106329
0.106006
0.106329
0.105684
0.106329
0.106329
0.106006
0.105039
0.102782
0.106329
0.106329
0.105039
0.105362
0.105684
0.105684
0.106006
0.106329
0.105684
0.105684
0.105362
0.105684
0.105684
0.106329
0.105039
0.106329
0.105684
0.109876
0.106006
0.105684
0.106006
0.106651
0.105039
0.104717
0.106329
0.105039
0.105362
0.105362
0.105039
0.106006
0.106006
0.105362
0.105684
0.105684
0.106651
0.105684
0.105684
0.105684
0.106329
