Samp. Freq.(Hz)   Sample#   Pulse Length (ms)
10000.000000	10000.000000	100.000000
	
Voltage(V) 
0.165987
0.166632
0.168566
0.167921
0.166309
0.166632
0.167277
0.167277
0.166954
0.165987
0.165664
0.166954
0.167277
0.166954
0.167277
0.167277
0.167921
0.168244
0.165987
0.168566
0.168889
0.167599
0.167599
0.166632
0.167599
0.168566
0.167921
0.167599
0.168889
0.168566
0.168244
0.168566
0.167921
0.169211
0.168566
0.168889
0.168244
0.169534
0.168566
0.169211
0.168566
0.169211
0.167921
0.167921
0.168566
0.169211
0.168566
0.168566
0.169211
0.169211
0.167921
0.169211
0.169211
0.169211
0.169211
0.168889
0.169534
0.169211
0.169534
0.169211
0.168889
0.169211
0.168889
0.169211
0.169534
0.169856
0.170179
0.169211
0.168889
0.169534
0.169856
0.168566
0.169534
0.170179
0.170179
0.168889
0.168889
0.169211
0.169211
0.169856
0.168244
0.168244
0.173404
0.169534
0.168244
0.168889
0.168244
0.168889
0.168889
0.167277
0.167921
0.168889
0.170501
0.167921
0.168244
0.168566
0.168889
0.167599
0.168244
0.168889
0.168566
0.167277
0.168566
0.167921
0.169534
0.168566
0.167921
0.168244
0.168889
0.168566
0.168566
0.167921
0.169856
0.168244
0.168244
0.167921
0.169211
0.168566
0.168889
0.168566
0.168566
0.168566
0.168566
0.167921
0.170179
0.168889
0.169211
0.168889
0.168244
0.168889
0.168566
0.167921
0.168889
0.168566
0.169211
0.168566
0.168566
0.167921
0.169534
0.169211
0.167921
0.168244
0.168889
0.167599
0.167921
0.167921
0.167921
0.167921
0.168244
0.167277
0.167921
0.167599
0.166954
0.167921
0.166954
0.166632
0.167277
0.167277
0.167277
0.166954
0.166632
0.167277
0.167921
0.166954
0.166309
0.167599
0.167599
0.166954
0.166632
0.166954
0.162439
0.167277
0.166309
0.165342
0.166309
0.166954
0.166309
0.165342
0.167277
0.166954
0.166954
0.166954
0.167599
0.167599
0.167921
0.167277
0.168244
0.168566
0.167921
0.167921
0.168566
0.170179
0.169211
0.169211
0.168889
0.170179
0.170501
0.170179
0.168566
0.170179
0.170179
0.170824
0.170179
0.170179
0.171146
0.171791
0.171146
0.171791
0.172436
0.173081
0.170501
0.172114
0.172114
0.173404
0.172759
0.172436
0.173404
0.173726
0.172436
0.172759
0.172759
0.173404
0.173404
0.173081
0.173081
0.173404
0.174048
0.172759
0.173404
0.173726
0.173726
0.173404
0.173081
0.174048
0.173726
0.172759
0.173404
0.174048
0.173726
0.174048
0.173726
0.174371
0.174371
0.174371
0.174048
0.174048
0.174371
0.173726
0.174371
0.174371
0.174371
0.174371
0.173081
0.174371
0.173726
0.173726
0.172436
0.173726
0.173081
0.174371
0.173081
0.173404
0.173726
0.175016
0.173726
0.173404
0.173726
0.174048
0.173726
0.173404
0.172759
0.173726
0.174371
0.173081
0.173081
0.173081
0.174371
0.173726
0.172759
0.173404
0.174693
0.173404
0.172759
0.173726
0.174371
0.173081
0.173404
0.172759
0.173404
0.173726
0.173404
0.172114
0.173404
0.173404
0.173081
0.173081
0.173404
0.173404
0.172436
0.172436
0.172759
0.173081
0.173081
0.173081
0.172436
0.173081
0.172436
0.172114
0.172114
0.173081
0.172436
0.171469
0.172436
0.171791
0.172114
0.171146
0.171791
0.171791
0.170824
0.170501
0.172114
0.170824
0.171469
0.171146
0.170824
0.170501
0.171469
0.169856
0.170824
0.171469
0.171146
0.170179
0.170824
0.170501
0.172114
0.170501
0.170179
0.170824
0.171146
0.169856
0.169856
0.170501
0.171146
0.171791
0.170501
0.170824
0.172436
0.171146
0.169856
0.172114
0.171469
0.171469
0.171791
0.171146
0.172114
0.171791
0.171791
0.170501
0.172114
0.172436
0.172759
0.171146
0.172436
0.172114
0.172436
0.172114
0.171791
0.172436
0.173081
0.172114
0.171146
0.171791
0.173726
0.172436
0.172114
0.172436
0.172436
0.173081
0.172114
0.172436
0.173081
0.172436
0.172759
0.173404
0.172114
0.173081
0.173081
0.172759
0.172436
0.173404
0.172114
0.173404
0.172759
0.174048
0.173404
0.172436
0.173081
0.173726
0.173081
0.173404
0.174048
0.174048
0.173726
0.174693
0.173404
0.174048
0.174371
0.172759
0.174048
0.174371
0.174371
0.173404
0.174048
0.173726
0.174048
0.173404
0.174048
0.175016
0.173081
0.173726
0.172759
0.173081
0.172759
0.173726
0.172759
0.172759
0.174693
0.173726
0.173081
0.174693
0.173726
0.173404
0.173726
0.173726
0.174371
0.174693
0.173404
0.174048
0.173726
0.175338
0.173404
0.173404
0.174693
0.175338
0.174048
0.174371
0.174371
0.174371
0.175016
0.173726
0.173404
0.175016
0.175338
0.174048
0.174693
0.175016
0.175016
0.174371
0.174371
0.174693
0.175016
0.174693
0.173726
0.173726
0.174371
0.174693
0.173726
0.173404
0.174048
0.175338
0.173726
0.173081
0.174693
0.174371
0.174048
0.173404
0.172759
0.174371
0.174048
0.173081
0.173726
0.174371
0.173081
0.173404
0.172436
0.173404
0.173726
0.172436
0.172759
0.173081
0.173081
0.171791
0.172759
0.173404
0.173081
0.172759
0.173081
0.172759
0.173404
0.171469
0.172114
0.172436
0.172436
0.171146
0.172114
0.171469
0.172436
0.172436
0.171146
0.171791
0.173726
0.172114
0.172114
0.173081
0.172759
0.174048
0.172436
0.173081
0.173726
0.174048
0.173726
0.173404
0.174048
0.173404
0.173726
0.173081
0.173404
0.174371
0.174371
0.173081
0.173726
0.174371
0.174371
0.173404
0.174048
0.173726
0.175016
0.172759
0.173081
0.173726
0.173726
0.173726
0.173081
0.173726
0.174693
0.173726
0.174048
0.173404
0.174048
0.174371
0.173726
0.172436
0.173726
0.174693
0.174048
0.173081
0.173726
0.174693
0.174693
0.174371
0.174048
0.174693
0.174693
0.174371
0.174048
0.174693
0.174048
0.174693
0.174693
0.174693
0.175338
0.174371
0.174048
0.173726
0.174048
0.174371
0.174693
0.173404
0.175016
0.174693
0.173081
0.174048
0.174371
0.173404
0.173726
0.175016
0.174048
0.174048
0.173404
0.174048
0.173404
0.173404
0.173404
0.173726
0.173726
0.174371
0.173404
0.173726
0.173726
0.174048
0.173404
0.173726
0.173404
0.174371
0.173081
0.173404
0.173726
0.174371
0.173404
0.172759
0.173404
0.174693
0.173726
0.173726
0.173726
0.174048
0.174048
0.174371
0.173726
0.173404
0.174693
0.173726
0.173726
0.173726
0.174371
0.174693
0.173404
0.174048
0.174371
0.174048
0.173081
0.174048
0.174048
0.174371
0.174693
0.174048
0.173726
0.175016
0.174048
0.174048
0.174371
0.174048
0.174048
0.174048
0.173081
0.174371
0.173404
0.173081
0.173404
0.174048
0.173081
0.173404
0.172759
0.173081
0.173726
0.171791
0.173081
0.172759
0.173081
0.172436
0.172436
0.172759
0.173081
0.172759
0.173404
0.172759
0.171791
0.172759
0.173081
0.173081
0.172436
0.171791
0.171791
0.172114
0.172436
0.171791
0.172436
0.171791
0.172759
0.173081
0.172436
0.173404
0.174048
0.173081
0.172436
0.174048
0.173726
0.173404
0.173404
0.173081
0.174048
0.173081
0.172759
0.173404
0.173726
0.173726
0.173404
0.173081
0.174371
0.173726
0.174693
0.172436
0.173726
0.174371
0.175016
0.173081
0.174048
0.174371
0.174048
0.174048
0.174693
0.174371
0.174693
0.174371
0.174048
0.174371
0.175338
0.174048
0.174371
0.174693
0.174693
0.174693
0.174693
0.174048
0.175016
0.174693
0.174048
0.174371
0.173726
0.174048
0.174693
0.174048
0.174048
0.175016
0.174371
0.173726
0.174693
0.174371
0.174693
0.174693
0.174371
0.174048
0.174371
0.173726
0.174371
0.174048
0.173726
0.174048
0.174048
0.174048
0.174371
0.173726
0.173726
0.173726
0.172759
0.172436
0.173726
0.173404
0.173726
0.172436
0.173404
0.173726
0.174371
0.173726
0.173081
0.174371
0.175016
0.173404
0.173081
0.174371
0.173726
0.174371
0.173081
0.173726
0.173726
0.173404
0.170501
0.167921
0.163729
0.159537
0.152765
0.149540
0.144058
0.141479
0.135997
0.131482
0.128902
0.126322
0.123420
0.120518
0.118261
0.115036
0.112778
0.110844
0.107619
0.106651
0.105684
0.102137
0.100202
0.099879
0.098912
0.096332
0.096010
0.093752
0.093752
0.092463
0.091495
0.090528
0.090205
0.088593
0.087948
0.086336
0.086336
0.085368
0.085046
0.084078
0.083433
0.083433
0.082143
0.081821
0.081498
0.082143
0.081498
0.080854
0.080209
0.080854
0.079564
0.079886
0.079241
0.078919
0.078919
0.078919
0.078596
0.078596
0.077629
0.076984
0.077306
0.077629
0.077306
0.076661
0.076984
0.077306
0.076661
0.076016
0.075694
0.077306
0.076661
0.076016
0.076016
0.076661
0.075694
0.076339
0.075694
0.075694
0.076339
0.076339
0.074727
0.075694
0.076016
0.076016
0.074727
0.075371
0.075694
0.075371
0.074404
0.075371
0.074404
0.075371
0.075049
0.074727
0.074727
0.075694
0.075049
0.074727
0.075049
0.075371
0.075049
0.074082
0.074727
0.075371
0.074727
0.074082
0.074404
0.074082
0.075371
0.075049
0.075049
0.075049
0.076016
0.074404
0.074404
0.074727
0.075049
0.075694
0.075049
0.074404
0.075049
0.075049
0.074727
0.076016
0.075049
0.075049
0.075694
0.074727
0.074404
0.075371
0.075049
0.074727
0.075371
0.074727
0.075049
0.074727
0.074727
0.074082
0.074727
0.074404
0.074404
0.074082
0.074404
0.074082
0.074404
0.074727
0.075049
0.074082
0.075049
0.074727
0.074082
0.074082
0.075371
0.075049
0.075371
0.073759
0.074404
0.075049
0.075694
0.074727
0.074404
0.074727
0.075049
0.074727
0.074082
0.074727
0.075049
0.074404
0.074727
0.074404
0.074727
0.074404
0.074082
0.074727
0.074404
0.076016
0.074082
0.073759
0.075049
0.074727
0.075694
0.074082
0.075049
0.075049
0.074727
0.073437
0.074727
0.073759
0.074727
0.074727
0.074082
0.074404
0.074727
0.074727
0.074404
0.075049
0.074727
0.073759
0.074727
0.073437
0.075049
0.075049
0.074404
0.074082
0.074404
0.074727
0.074404
0.074082
0.073759
0.074727
0.073759
0.075049
0.074404
0.074727
0.074404
0.075049
0.074082
0.074404
0.074727
0.075049
0.075049
0.075049
0.074404
0.074082
0.074727
0.074082
0.074727
0.074082
0.074404
0.075049
0.074727
0.074404
0.074082
0.075049
0.075049
0.073759
0.074404
0.075371
0.075049
0.074404
0.074082
0.074727
0.074082
0.074727
0.074082
0.074082
0.074404
0.075371
0.073437
0.074404
0.075049
0.074727
0.073759
0.074404
0.074404
0.074727
0.074082
0.073759
0.074404
0.074404
0.074727
0.074082
0.074082
0.074404
0.074404
0.073759
0.074082
0.075694
0.074404
0.074404
0.074082
0.074404
0.074727
0.074404
0.073759
0.075049
0.075049
0.075049
0.074404
0.074727
0.074404
0.075049
0.074404
0.075049
0.074727
0.074404
0.074082
0.075049
0.074082
0.074727
0.074727
0.074404
0.074082
0.075049
0.074404
0.074404
0.074404
0.074727
0.074082
0.074727
0.074082
0.074727
0.074082
0.073759
0.074404
0.074404
0.074082
0.074082
0.074727
0.074404
0.075049
0.074082
0.074404
0.075371
0.074404
0.074404
0.075371
0.075049
0.075049
0.074082
0.075049
0.074727
0.075049
0.074404
0.074727
0.075049
0.075694
0.074082
0.073759
0.074404
0.076016
0.075049
0.073759
0.075371
0.075049
0.075049
0.075049
0.074404
0.075049
0.075371
0.075049
0.074082
0.075049
0.075371
0.075049
0.073759
0.074404
0.075371
0.074727
0.074404
0.073759
0.074727
0.075049
0.074727
0.074082
0.074727
0.076016
0.074082
0.074404
0.074404
0.075049
0.075049
0.075049
0.074082
0.075049
0.075371
0.074082
0.074727
0.075049
0.075049
0.074727
0.073759
0.074082
0.075049
0.074727
0.074404
0.074727
0.075371
0.074404
0.074727
0.074082
0.074727
0.075694
0.074727
0.074082
0.075371
0.075371
0.074404
0.075371
0.074082
0.074727
0.075049
0.074727
0.075371
0.074727
0.074082
0.074727
0.075049
0.074727
0.075049
0.075049
0.074727
0.074082
0.073759
0.074082
0.074404
0.074727
0.073759
0.074404
0.074727
0.074727
0.076984
0.080854
0.086336
0.092463
0.096977
0.100524
0.105684
0.109554
0.113423
0.116003
0.119873
0.123098
0.126322
0.128257
0.131159
0.134062
0.136642
0.138254
0.139544
0.141801
0.144703
0.144703
0.146316
0.147928
0.149218
0.150830
0.151153
0.152120
0.154055
0.154378
0.155667
0.155990
0.156957
0.158247
0.158570
0.157925
0.159215
0.159860
0.160505
0.160182
0.160827
0.161472
0.162117
0.162117
0.161794
0.164052
0.164052
0.162762
0.162762
0.163729
0.164374
0.164697
0.165019
0.164052
0.165664
0.164374
0.164697
0.165019
0.165664
0.168244
0.164697
0.165019
0.165664
0.164697
0.165342
0.165019
0.164697
0.164374
0.165019
0.165019
0.165019
0.165019
0.164374
0.165342
0.165342
0.165019
0.164052
0.165019
0.165342
0.165342
0.167921
0.165342
0.165019
0.165019
0.165019
0.165987
0.164697
0.165342
0.165019
0.163729
0.165342
0.166309
0.164697
0.164697
0.165342
0.164374
0.164697
0.165664
0.165019
0.165019
0.165019
0.164052
0.164374
0.164697
0.165019
0.164052
0.164374
0.164697
0.165342
0.164374
0.163729
0.165019
0.164052
0.164374
0.164374
0.164374
0.164697
0.164374
0.164052
0.163729
0.164697
0.164697
0.163729
0.164374
0.164374
0.164052
0.163084
0.163729
0.163729
0.163407
0.163407
0.162439
0.162762
0.163084
0.162762
0.161794
0.163407
0.163407
0.163729
0.162762
0.162439
0.162762
0.163084
0.162117
0.162439
0.162762
0.163084
0.162439
0.161150
0.163084
0.162762
0.161472
0.161472
0.162762
0.161794
0.162762
0.162439
0.162117
0.162439
0.163729
0.161794
0.162762
0.163407
0.163407
0.162117
0.163084
0.162439
0.166309
0.162117
0.163084
0.163084
0.164052
0.162762
0.162762
0.162762
0.164697
0.163084
0.163084
0.163729
0.164697
0.163729
0.163407
0.163407
0.164052
0.163407
0.164052
0.164052
0.164374
0.165987
0.164374
0.164374
0.165019
0.165019
0.163407
0.164052
0.165342
0.165342
0.162762
0.164697
0.164697
0.164697
0.164374
0.164374
0.164697
0.165342
0.165019
0.164374
0.164374
0.165019
0.165019
0.164374
0.165019
0.165019
0.165019
0.163729
0.165342
0.164697
0.165342
0.164697
0.164697
0.164052
0.165664
0.164374
0.164052
0.164697
0.164374
0.164697
0.164374
0.164697
0.165342
0.164697
0.164697
0.164697
0.164374
0.165019
0.164374
0.163729
0.164374
0.165987
0.164052
0.163084
0.164374
0.165342
0.163407
0.163729
0.164052
0.165019
0.163407
0.165019
0.164052
0.165019
0.164052
0.164374
0.163084
0.165019
0.164697
0.163729
0.164374
0.165342
0.164697
0.164697
0.165019
0.165664
0.169534
0.165342
0.164052
0.165664
0.165664
0.165342
0.165019
0.165019
0.165342
0.165342
0.164697
0.165987
0.165987
0.165342
0.165019
0.166309
0.165342
0.165664
0.165342
0.166309
0.165664
0.165987
0.165342
0.165987
0.164697
0.165987
0.165342
0.165342
0.165019
0.166632
0.164697
0.164697
0.165664
0.165019
0.164374
0.165342
0.164374
0.165342
0.165342
0.165019
0.164697
0.164374
0.165019
0.164697
0.163729
0.164374
0.165664
0.164052
0.163407
0.164374
0.164697
0.163729
0.163729
0.164052
0.163407
0.163729
0.163407
0.164052
0.164052
0.164374
0.164052
0.164374
0.165019
0.165019
0.164697
0.168889
0.164697
0.165664
0.164374
0.164697
0.164374
0.165342
0.165987
0.165342
0.165342
0.164374
0.165342
0.165342
0.165664
0.165342
0.166309
0.165019
0.165342
0.165664
0.165987
0.165987
0.166632
0.164697
0.166632
0.165987
0.165664
0.165664
0.167277
0.165342
0.165664
0.166954
0.166954
0.166632
0.165987
0.166309
0.166632
0.166632
0.166309
0.167277
0.166632
0.165664
0.166632
0.166309
0.166632
0.167277
0.165987
0.166309
0.167277
0.166954
0.166632
0.166632
0.166632
0.166632
0.166954
0.166632
0.166632
0.166632
0.166954
0.166309
0.165987
0.165987
0.166954
0.165987
0.165342
0.165664
0.166954
0.166309
0.165664
0.166309
0.167277
0.165342
0.165342
0.165664
0.165664
0.165664
0.169211
0.165342
0.165342
0.165987
0.165019
0.165342
0.166632
0.165987
0.165664
0.165342
0.162439
0.166632
0.165664
0.165664
0.166954
0.166309
0.166309
0.165987
0.165342
0.166632
0.166954
0.165664
0.165664
0.166632
0.165664
0.165342
0.166632
0.166309
0.166954
0.165987
0.165342
0.165664
0.166309
0.165342
0.165664
0.165987
0.166309
0.166632
0.165664
0.165019
0.165342
0.165664
0.165019
0.165664
0.166309
0.165664
0.165342
0.165019
0.165987
0.166632
0.165019
0.164374
0.166309
0.165342
0.165342
0.165342
0.164052
0.164697
0.165664
0.164697
0.164374
0.164697
0.164697
0.164374
0.163407
0.164697
0.164052
0.163084
0.164697
0.165019
0.163407
0.163729
0.164697
0.163729
0.164374
0.162762
0.163407
0.164374
0.164374
0.164052
0.163084
0.163729
0.164052
0.164374
0.162762
0.162439
0.163407
0.163729
0.163407
0.163729
0.164052
0.165019
0.164052
0.164374
0.163729
0.164697
0.165664
0.163729
0.163729
0.163729
0.164697
0.164374
0.163729
0.164697
0.165342
0.164697
0.163729
0.165019
0.165019
0.165019
0.163084
0.165342
0.165019
0.165019
0.163729
0.164374
0.163729
0.165987
0.163407
0.164374
0.163084
0.165342
0.164374
0.164697
0.164374
0.165664
0.164052
0.164052
0.164697
0.165664
0.164052
0.165019
0.165664
0.165342
0.165664
0.164697
0.164697
0.165987
0.166309
0.163729
0.165019
0.164697
0.165987
0.165664
0.165019
0.165342
0.165987
0.165664
0.164374
0.165664
0.169856
0.165342
0.165342
0.165342
0.165342
0.165019
0.165019
0.165342
0.165664
0.164697
0.160505
0.164374
0.164374
0.165342
0.164697
0.164697
0.164374
0.165664
0.164052
0.163729
0.164052
0.166309
0.165019
0.164697
0.164697
0.165664
0.164374
0.164697
0.165019
0.165664
0.165019
0.165019
0.165019
0.164697
0.165342
0.164374
0.165342
0.166309
0.165664
0.165342
0.165342
0.164697
0.165987
0.165342
0.165019
0.165342
0.166309
0.165019
0.165019
0.165342
0.165664
0.165019
0.165019
0.165342
0.165664
0.165342
0.165019
0.165664
0.165019
0.165664
0.165019
0.164374
0.165342
0.165987
0.165019
0.165019
0.165664
0.165664
0.165342
0.165019
0.164374
0.165019
0.165664
0.164052
0.164374
0.168566
0.165019
0.164697
0.164697
0.164697
0.164697
0.164697
0.163407
0.164052
0.165342
0.164697
0.163729
0.164374
0.165342
0.165664
0.163729
0.164052
0.164052
0.164697
0.164052
0.163729
0.163407
0.163407
0.164052
0.163729
0.163084
0.163729
0.164374
0.164374
0.164374
0.164052
0.164052
0.164052
0.165019
0.164697
0.164052
0.163729
0.165019
0.165019
0.164697
0.164052
0.165342
0.164697
0.165342
0.165019
0.165664
0.165019
0.165342
0.164697
0.165019
0.165664
0.167277
0.164374
0.165019
0.165987
0.165987
0.165019
0.165987
0.165987
0.165987
0.165664
0.164697
0.165987
0.166632
0.167277
0.165342
0.165987
0.165987
0.166309
0.165664
0.166309
0.165987
0.166632
0.165664
0.165019
0.165342
0.166632
0.165987
0.165019
0.165664
0.166632
0.166309
0.165664
0.166309
0.166309
0.168244
0.165987
0.166309
0.165987
0.166309
0.166309
0.165342
0.165664
0.166632
0.165342
0.165019
0.165987
0.165342
0.165987
0.165019
0.165019
0.164697
0.165342
0.164374
0.165664
0.165342
0.165664
0.165019
0.165342
0.165342
0.165664
0.164374
0.164697
0.165987
0.165987
0.165342
0.165664
0.165019
0.166954
0.166954
0.165019
0.165342
0.166954
0.165987
0.165342
0.165987
0.165987
0.166632
0.165987
0.165342
0.165987
0.165987
0.165664
0.165342
0.165664
0.165664
0.165987
0.165019
0.165987
0.169856
0.165987
0.164697
0.165342
0.166632
0.166632
0.165342
0.164697
0.165342
0.166632
0.162117
0.164374
0.165664
0.166632
0.166309
0.165342
0.165342
0.166309
0.166309
0.165342
0.165019
0.167277
0.165342
0.165342
0.165019
0.165019
0.165664
0.164374
0.164697
0.164697
0.164374
0.165019
0.164697
0.164374
0.165019
0.164697
0.164374
0.164697
0.163729
0.164697
0.164374
0.164052
0.164697
0.164052
0.164052
0.163729
0.164697
0.163729
0.163407
0.164052
0.163407
0.164374
0.164697
0.162762
0.164052
0.164374
0.163729
0.163729
0.164697
0.165019
0.165342
0.164374
0.164697
0.165019
0.165664
0.164052
0.165019
0.164374
0.165342
0.165019
0.164374
0.165342
0.165987
0.165019
0.164697
0.169856
0.165987
0.165342
0.165019
0.164374
0.165987
0.166309
0.164697
0.164697
0.165019
0.163729
0.165987
0.165019
0.165342
0.166632
0.166309
0.164697
0.165664
0.165987
0.166632
0.165342
0.165987
0.165987
0.166954
0.165987
0.165342
0.165664
0.166954
0.165664
0.165664
0.165342
0.166632
0.166309
0.165664
0.165987
0.165987
0.166309
0.165987
0.164697
0.166309
0.166632
0.164697
0.165664
0.166954
0.166632
0.165019
0.165987
0.165019
0.165342
0.166632
0.165342
0.165664
0.164052
0.165664
0.165342
0.164697
0.165342
0.165342
0.165342
0.165664
0.165342
0.164697
0.164697
0.165342
0.162439
0.165664
0.166632
0.164697
0.164697
0.166632
0.164697
0.165019
0.165664
0.165342
0.165987
0.166309
0.165664
0.165342
0.165987
0.165342
0.166309
0.165342
0.166632
0.165664
0.165664
0.168889
0.167277
0.166632
0.165019
0.166309
0.166632
0.166632
0.165664
0.165342
0.166309
0.166309
0.165664
0.165019
0.166309
0.166954
0.166632
0.165987
0.166632
0.165664
0.166632
0.165987
0.166309
0.166309
0.167277
0.165664
0.165664
0.165664
0.165342
0.165019
0.167277
0.165019
0.165987
0.164697
0.165019
0.165342
0.165664
0.164374
0.164374
0.165342
0.165019
0.165019
0.165019
0.164697
0.165664
0.165342
0.165019
0.165664
0.164697
0.165019
0.165019
0.164697
0.164697
0.164697
0.164697
0.168889
0.165342
0.164374
0.164374
0.164697
0.164374
0.164374
0.164374
0.164052
0.164697
0.163407
0.165987
0.164374
0.165019
0.165342
0.165664
0.165019
0.165019
0.165019
0.165987
0.165987
0.164052
0.165342
0.165987
0.165342
0.165342
0.165664
0.165342
0.166309
0.165664
0.165342
0.165664
0.166954
0.165987
0.165342
0.166309
0.166632
0.166632
0.165664
0.165342
0.167277
0.166632
0.165342
0.165342
0.165019
0.167277
0.165987
0.165987
0.165987
0.166632
0.166309
0.166632
0.165664
0.166632
0.166309
0.166632
0.165987
0.166632
0.165987
0.166309
0.166632
0.165987
0.166954
0.165987
0.162762
0.166954
0.166309
0.165987
0.166954
0.166632
0.166632
0.165342
0.166632
0.166309
0.165664
0.166309
0.166632
0.166309
0.166632
0.165342
0.165664
0.166632
0.167277
0.165342
0.165342
0.168566
0.165987
0.165987
0.165342
0.164374
0.166309
0.165987
0.165019
0.165342
0.166309
0.166632
0.165987
0.165987
0.166309
0.166632
0.166954
0.165664
0.167277
0.167277
0.166632
0.166954
0.165664
0.166309
0.166954
0.165342
0.165987
0.167599
0.167277
0.165019
0.166954
0.166632
0.166309
0.166632
0.165987
0.166309
0.166632
0.166632
0.166632
0.166632
0.166954
0.166954
0.165987
0.166632
0.165664
0.167277
0.165664
0.166632
0.166954
0.167277
0.165987
0.166954
0.166632
0.165987
0.165664
0.166632
0.165664
0.166954
0.165664
0.166309
0.165342
0.166309
0.165664
0.165342
0.165019
0.168566
0.165987
0.165019
0.165019
0.165664
0.165342
0.164374
0.165342
0.164697
0.165664
0.165342
0.165342
0.165019
0.165342
0.165342
0.164374
0.165019
0.165019
0.165664
0.163729
0.165019
0.165342
0.164697
0.164052
0.165019
0.164052
0.165019
0.164052
0.165019
0.165019
0.165664
0.165019
0.163407
0.165019
0.165987
0.165019
0.165019
0.165019
0.165987
0.165664
0.164697
0.165019
0.165987
0.165664
0.165342
0.165664
0.165987
0.166632
0.165987
0.165987
0.166954
0.166309
0.166309
0.165019
0.169211
0.166954
0.167277
0.165664
0.166954
0.166309
0.166954
0.165664
0.165987
0.166954
0.164697
0.165987
0.166954
0.166632
0.166954
0.166632
0.166309
0.166954
0.167277
0.166954
0.165342
0.166954
0.167277
0.166954
0.165987
0.166309
0.165342
0.167277
0.166632
0.166632
0.166309
0.167277
0.165987
0.166309
0.166954
0.167277
0.167277
0.165664
0.166632
0.166954
0.166954
0.165987
0.166632
0.167277
0.166632
0.166954
0.165019
0.165342
0.167599
0.165987
0.165342
0.166309
0.166309
0.165987
0.166954
0.166632
0.165342
0.167921
0.165664
0.165987
0.166309
0.166954
0.166309
0.166309
0.169534
0.167277
0.166632
0.166309
0.166309
0.167599
0.166632
0.166309
0.165987
0.166632
0.162439
0.166632
0.165987
0.167277
0.167921
0.167277
0.166632
0.166954
0.166632
0.166309
0.165987
0.166632
0.166954
0.166309
0.166309
0.166632
0.166954
0.166632
0.166954
0.166632
0.165987
0.165987
0.166309
0.166632
0.166632
0.166954
0.165342
0.166632
0.166632
0.166632
0.165987
0.166632
0.165987
0.166632
0.166309
0.165664
0.167277
0.165987
0.166632
0.165342
0.165987
0.165019
0.165342
0.165664
0.165987
0.165342
0.165664
0.165019
0.165664
0.165664
0.165987
0.165987
0.165987
0.164697
0.169211
0.166309
0.165342
0.165342
0.165664
0.165664
0.165987
0.164697
0.165019
0.166632
0.162439
0.165342
0.166309
0.166632
0.166632
0.165987
0.166309
0.167277
0.166954
0.165019
0.166954
0.166309
0.167277
0.166954
0.167277
0.166632
0.166309
0.165987
0.166632
0.166954
0.167921
0.166632
0.166632
0.167277
0.167599
0.165987
0.166632
0.167599
0.167277
0.166309
0.167277
0.167277
0.167921
0.167277
0.166632
0.167599
0.167599
0.167277
0.167277
0.167277
0.167921
0.167921
0.166954
0.167599
0.168244
0.168889
0.168244
0.166954
0.167277
0.167599
0.167921
0.167921
0.167599
0.168244
0.171791
0.166954
0.168244
0.167921
0.168244
0.167921
0.167599
0.167921
0.167277
0.166954
0.163084
0.168566
0.168566
0.167277
0.166954
0.167277
0.167921
0.167277
0.167277
0.168566
0.167277
0.167921
0.166632
0.166632
0.167277
0.166954
0.166954
0.166309
0.165987
0.166632
0.165987
0.166632
0.166954
0.167921
0.166309
0.166309
0.167277
0.167599
0.167277
0.167277
0.167599
0.168244
0.166632
0.167599
0.167599
0.167921
0.167921
0.166632
0.167599
0.167277
0.167921
0.167277
0.167599
0.166954
0.167599
0.166309
0.167277
0.167599
0.168566
0.166954
0.167599
0.168566
0.165987
0.167277
0.170824
0.167599
0.168244
0.167921
0.166632
0.166632
0.167921
0.167921
0.166954
0.167277
0.172114
0.168889
0.166309
0.166954
0.166954
0.168244
0.166954
0.165664
0.166309
0.167599
0.165987
0.166309
0.166954
0.166309
0.166309
0.165987
0.166309
0.166632
0.166309
0.165342
0.167277
0.165987
0.165342
0.165987
0.165664
0.166632
0.166632
0.165342
0.165019
0.165987
0.166309
0.166309
0.165987
0.165664
0.165987
0.165342
0.164697
0.164052
0.165342
0.165987
0.165987
0.165342
0.165342
0.165342
0.165664
0.165987
0.166309
0.166632
0.166309
0.165664
0.165664
0.167277
0.166632
0.165987
0.169534
0.167599
0.166954
0.165019
0.166309
0.167277
0.167599
0.166632
0.166954
0.166309
0.172436
0.166954
0.167277
0.167277
0.168244
0.165987
0.167277
0.167599
0.167277
0.167599
0.167921
0.167599
0.168244
0.167599
0.166632
0.167277
0.167599
0.167599
0.167599
0.167277
0.167599
0.168244
0.167277
0.166954
0.167921
0.168244
0.167277
0.167277
0.166954
0.168244
0.167599
0.166632
0.167921
0.168244
0.167599
0.166954
0.167277
0.167277
0.167599
0.167599
0.167921
0.167599
0.167921
0.165987
0.167921
0.166954
0.167921
0.167277
0.167921
0.167277
0.167599
0.167277
0.166954
0.166954
0.170501
0.167921
0.166632
0.166954
0.167921
0.167599
0.167277
0.168889
0.167599
0.167921
0.171146
0.167921
0.167921
0.167921
0.167921
0.167921
0.166954
0.167599
0.168244
0.167599
0.167921
0.168566
0.167921
0.167277
0.167599
0.167921
0.168566
0.167277
0.168244
0.167921
0.168244
0.166954
0.166632
0.167921
0.167921
0.167921
0.168244
0.167921
0.167599
0.167599
0.166954
0.166954
0.167599
0.167921
0.167277
0.166954
0.167277
0.166954
0.166954
0.167921
0.167921
0.168244
0.166309
0.166954
0.167277
0.167921
0.165987
0.167599
0.165987
0.166632
0.166309
0.165342
0.166632
0.166954
0.169534
0.165987
0.165342
0.165664
0.166632
0.165664
0.165987
0.165987
0.165987
0.165342
0.167921
0.165342
0.165664
0.166309
0.165664
0.165664
0.166632
0.165019
0.165664
0.165664
0.165987
0.165664
0.165019
0.165664
0.165342
0.165987
0.165987
0.165987
0.166309
0.166309
0.165342
0.166309
0.166632
0.166632
0.166632
0.166954
0.165664
0.166632
0.166632
0.166309
0.166309
0.167921
0.166954
0.167277
0.166309
0.166954
0.167277
0.166954
0.167277
0.167921
0.166632
0.165987
0.167277
0.165342
0.167921
0.167599
0.167599
0.167277
0.167921
0.166632
0.166954
0.168244
0.168566
0.167277
0.167599
0.167599
0.168889
0.168566
0.168244
0.168244
0.168244
0.168244
0.167599
0.167921
0.171469
0.168566
0.167921
0.167599
0.167921
0.168244
0.166632
0.165987
0.168244
0.168566
0.167921
0.167599
0.168244
0.167921
0.167599
0.166632
0.167921
0.168566
0.167921
0.166954
0.167277
0.166954
0.167599
0.167277
0.167599
0.167277
0.167921
0.166632
0.166632
0.166632
0.167921
0.166954
0.167277
0.166954
0.167599
0.166954
0.166632
0.167599
0.168244
0.167921
0.167599
0.167599
0.166954
0.166309
0.166954
0.168244
0.168566
0.167921
0.166954
0.167599
0.168566
0.167921
0.167921
0.167277
0.168244
0.168244
0.167599
0.167921
0.168566
0.168566
0.168244
0.167277
0.167599
0.167599
0.168889
0.167599
0.167599
0.168244
0.168244
0.166954
0.167599
0.168566
0.168244
0.168244
0.167599
0.167599
0.169534
0.168244
0.167277
0.167599
0.168244
0.168244
0.167921
0.167599
0.167921
0.167599
0.166954
0.167277
0.167599
0.166954
0.166632
0.167277
0.166309
0.167277
0.166632
0.166632
0.166632
0.166954
0.165664
0.165664
0.165664
0.166632
0.166309
0.165987
0.165987
0.165987
0.165342
0.168244
0.166309
0.165664
0.165987
0.165664
0.165664
0.165019
0.165342
0.165019
0.165342
0.165342
0.167277
0.166309
0.166309
0.165987
0.166632
0.166632
0.166309
0.166632
0.166309
0.165664
0.165987
0.166954
0.167599
0.166632
0.166632
0.167921
0.166954
0.167599
0.166309
0.167921
0.166954
0.167599
0.166632
0.166632
0.167599
0.166954
0.166309
0.168244
0.167599
0.168889
0.167921
0.167921
0.167921
0.167921
0.167599
0.167599
0.166954
0.168566
0.168244
0.167277
0.166954
0.167921
0.167921
0.167599
0.167277
0.168566
0.168244
0.167599
0.167921
0.168244
0.168566
0.167921
0.167921
0.170501
0.168244
0.168244
0.168244
0.167921
0.167599
0.168566
0.168244
0.167921
0.167921
0.172436
0.168244
0.168244
0.168244
0.167599
0.167599
0.167921
0.167599
0.167599
0.166632
0.166954
0.167921
0.168244
0.165342
0.167277
0.167277
0.166954
0.166954
0.166632
0.167277
0.168244
0.166309
0.166632
0.168566
0.167599
0.166954
0.166954
0.168244
0.167921
0.168244
0.166954
0.167921
0.167921
0.167599
0.167599
0.167599
0.167599
0.169211
0.167599
0.167277
0.168244
0.168889
0.167921
0.167599
0.167599
0.169211
0.167921
0.168244
0.167599
0.168244
0.168244
0.167921
0.167599
0.167921
0.169211
0.167599
0.168244
0.168889
0.168244
0.167921
0.168566
0.167921
0.168889
0.167921
0.168244
0.167599
0.167921
0.167599
0.167599
0.167921
0.167599
0.167921
0.166309
0.166954
0.167599
0.166954
0.166309
0.167599
0.166632
0.166632
0.166632
0.167277
0.166309
0.167599
0.165664
0.166954
0.166309
0.167277
0.165987
0.166309
0.166632
0.166954
0.166309
0.165019
0.166632
0.166954
0.166632
0.165342
0.165342
0.166309
0.167277
0.165019
0.165342
0.166632
0.166632
0.165987
0.165342
0.169534
0.167921
0.166309
0.166632
0.165664
0.167599
0.166954
0.166632
0.166632
0.166632
0.162762
0.166954
0.166954
0.166632
0.167599
0.167277
0.166632
0.167599
0.168244
0.167277
0.167599
0.167921
0.167921
0.167277
0.168566
0.167599
0.168566
0.168244
0.167599
0.168244
0.168566
0.167921
0.167921
0.167921
0.167921
0.168244
0.167921
0.167921
0.168244
0.168244
0.166954
0.168889
0.168244
0.168889
0.168244
0.168566
0.168566
0.169211
0.168244
0.167921
0.167921
0.168889
0.169211
0.166954
0.168566
0.169211
0.169534
0.168889
0.168566
0.168566
0.168889
0.167599
0.168244
0.169211
0.171146
0.168566
0.168566
0.167921
0.168566
0.168566
0.167921
0.167599
0.168566
0.167599
0.169534
0.168244
0.167599
0.168244
0.167277
0.168244
0.167599
0.167921
0.167921
0.168244
0.168244
0.167921
0.168244
0.167921
0.168244
0.168566
0.167599
0.167921
0.168889
0.168889
0.167921
0.167599
0.167921
0.168889
0.167921
0.167921
0.168566
0.169534
0.168889
0.168244
0.168566
0.168244
0.169211
0.166632
0.168244
0.168244
0.169211
0.168244
0.167921
0.167921
0.168889
0.168244
0.168244
0.166309
0.169211
0.169211
0.168244
0.167921
0.167599
0.168566
0.168566
0.168566
0.167277
0.166632
0.167921
0.167277
0.167599
0.168244
0.168244
0.166309
0.167921
0.166954
0.166954
0.166954
0.167599
0.167921
0.166954
0.165987
0.167599
0.166632
0.166954
0.166632
0.167277
0.167599
0.167277
0.166632
0.167277
0.167599
0.166632
0.165664
0.166954
0.167277
0.166632
0.165342
0.165664
0.165987
0.166954
0.165342
0.166309
0.166954
0.166632
0.166954
0.167277
0.166632
0.167599
0.167277
0.166954
0.166954
0.168244
0.168566
0.166954
0.167277
0.167599
0.166954
0.167599
0.167277
0.167599
0.172759
0.168244
0.167277
0.167599
0.168566
0.168566
0.166954
0.167921
0.167599
0.167921
0.164697
0.167921
0.167599
0.168566
0.167921
0.168889
0.167921
0.169211
0.168889
0.167277
0.167921
0.168889
0.168244
0.168244
0.167921
0.168566
0.168889
0.167921
0.168244
0.168889
0.168566
0.167599
0.168566
0.168566
0.168566
0.167599
0.168244
0.168566
0.168889
0.167599
0.168566
0.168889
0.168889
0.167921
0.167277
0.167921
0.168566
0.168244
0.167599
0.166954
0.168244
0.168889
0.166954
0.167277
0.168244
0.168244
0.166954
0.166954
0.168244
0.167921
0.166954
0.166309
0.167277
0.167921
0.169856
0.167277
0.167277
0.167921
0.167921
0.167277
0.166954
0.167921
0.167921
0.167277
0.168889
0.168244
0.167921
0.167599
0.168244
0.168244
0.168244
0.167599
0.167599
0.167921
0.168566
0.167599
0.169211
0.168566
0.167599
0.167921
0.168244
0.167599
0.168244
0.168244
0.168566
0.168244
0.168889
0.167921
0.168566
0.167599
0.168566
0.168244
0.166954
0.167921
0.168244
0.168566
0.167277
0.168244
0.167921
0.168889
0.167599
0.167921
0.168244
0.167599
0.167277
0.167277
0.167599
0.167277
0.167921
0.166954
0.166954
0.167599
0.166954
0.166954
0.165987
0.166632
0.166309
0.165987
0.166309
0.167277
0.167599
0.166309
0.166954
0.166309
0.166632
0.166309
0.166632
0.167277
0.168566
0.166309
0.166632
0.166632
0.166632
0.165664
0.165342
0.166954
0.165987
0.166309
0.165342
0.166632
0.167599
0.167921
0.166632
0.166954
0.167599
0.167921
0.166632
0.165987
0.167599
0.167921
0.166954
0.167599
0.167277
0.167921
0.167599
0.167921
0.167277
0.167921
0.167599
0.167599
0.166954
0.167277
0.168566
0.167921
0.168244
0.168244
0.168244
0.167921
0.167599
0.168889
0.168244
0.168889
0.167921
0.168244
0.168566
0.168889
0.168244
0.168566
0.167921
0.168889
0.168244
0.167599
0.168566
0.169211
0.168244
0.168244
0.168244
0.168244
0.167921
0.167921
0.167921
0.169211
0.168566
0.168244
0.169211
0.169211
0.167921
0.167921
0.168889
0.168889
0.168566
0.167921
0.168244
0.168244
0.169534
0.168244
0.167921
0.168244
0.169211
0.167277
0.167921
0.167277
0.168244
0.168244
0.165342
0.166632
0.168889
0.167277
0.166632
0.167599
0.167599
0.168566
0.167599
0.167277
0.166632
0.168566
0.166954
0.168244
0.167921
0.168566
0.168566
0.167921
0.167921
0.168889
0.168244
0.167599
0.168566
0.168566
0.168566
0.168566
0.168566
0.168566
0.169211
0.168244
0.168889
0.171469
0.169211
0.168244
0.169211
0.169211
0.168566
0.168566
0.168566
0.168244
0.168889
0.168244
0.168566
0.168566
0.169856
0.167921
0.168566
0.168566
0.169856
0.169211
0.168244
0.168244
0.168889
0.168889
0.168244
0.168889
0.168889
0.167921
0.167921
0.167921
0.167921
0.168889
0.167277
0.166309
0.166954
0.167277
0.166632
0.166632
0.166954
0.166954
0.167277
0.166954
0.166632
0.166954
0.170501
0.166632
0.166632
0.167277
0.166954
0.166632
0.166954
0.166309
0.167599
0.166309
0.161150
0.165987
0.166632
0.165664
0.166632
0.166309
0.166632
0.166309
0.166632
0.167277
0.167277
0.166309
0.166954
0.167277
0.167599
0.166954
0.167599
0.167277
0.167277
0.166954
0.166309
0.167277
0.167921
0.167921
0.167277
0.167921
0.167921
0.168244
0.166954
0.167921
0.167921
0.168889
0.166954
0.166954
0.168244
0.168566
0.167277
0.167599
0.167599
0.168889
0.168566
0.167921
0.167599
0.168889
0.168244
0.167921
0.167599
0.169211
0.168566
0.168889
0.168244
0.167599
0.168244
0.168566
0.171791
0.167921
0.169211
0.168889
0.168244
0.168244
0.168566
0.168244
0.168566
0.169534
0.173404
0.168889
0.168566
0.168566
0.168889
0.168566
0.167599
0.168244
0.167921
0.168244
0.167277
0.168889
0.168244
0.168244
0.167277
0.167921
0.167599
0.168889
0.167277
0.167599
0.168244
0.168244
0.167921
0.166954
0.166309
0.167599
0.167921
0.166954
0.166632
0.167921
0.168566
0.167599
0.167277
0.168244
0.167921
0.168244
0.168244
0.166954
0.168566
0.168244
0.167599
0.167599
0.169856
0.164374
0.167921
0.167921
0.168566
0.168889
0.167921
0.167921
0.168889
0.167921
0.167599
0.164374
0.167921
0.167921
0.168566
0.168244
0.167599
0.167599
0.168889
0.167921
0.168566
0.168244
0.168244
0.168244
0.168566
0.168889
0.167921
0.167277
0.168889
0.168889
0.167921
0.167599
0.167599
0.167921
0.168244
0.166632
0.167277
0.166632
0.167599
0.166632
0.165987
0.166632
0.167599
0.165664
0.166309
0.167277
0.166954
0.166954
0.165987
0.166309
0.167277
0.166954
0.166954
0.166309
0.166954
0.167921
0.166309
0.165664
0.167277
0.167599
0.165664
0.165987
0.166954
0.166309
0.165987
0.169211
0.165342
0.166954
0.166632
0.166632
0.167277
0.166632
0.166954
0.167277
0.166954
0.166954
0.167599
0.167277
0.166954
0.167921
0.166954
0.167277
0.167599
0.168244
0.169211
0.167277
0.167921
0.167921
0.167599
0.167599
0.167599
0.168244
0.168889
0.167277
0.167921
0.169534
0.168566
0.168244
0.168244
0.168244
0.169211
0.167921
0.167599
0.168566
0.168889
0.168889
0.168566
0.168244
0.168889
0.169856
0.167921
0.168889
0.167921
0.169211
0.168244
0.168889
0.167277
0.168566
0.168244
0.168566
0.167599
0.168566
0.167599
0.168889
0.168566
0.168566
0.168566
0.168244
0.168244
0.171469
0.168244
0.167599
0.167921
0.168889
0.167277
0.167599
0.168244
0.168244
0.167921
0.169534
0.167599
0.168244
0.168244
0.167921
0.167277
0.168244
0.168244
0.166954
0.167277
0.167599
0.167277
0.168566
0.166632
0.167599
0.168566
0.168566
0.166632
0.168244
0.167921
0.167599
0.167921
0.167921
0.168566
0.168889
0.167599
0.167277
0.168244
0.168244
0.167277
0.168566
0.167921
0.168244
0.167599
0.168244
0.168566
0.168566
0.167599
0.168889
0.167921
0.168244
0.167921
0.167599
0.164697
0.168566
0.167599
0.168244
0.168566
0.168244
0.167921
0.167599
0.168244
0.168889
0.164697
0.167599
0.168566
0.168566
0.168889
0.167921
0.167921
0.168244
0.168566
0.166309
0.167277
0.167599
0.167921
0.167277
0.165987
0.167599
0.168566
0.167277
0.166632
0.166632
0.167599
0.167599
0.166309
0.166309
0.166954
0.167277
0.166954
0.166632
0.166632
0.166954
0.165664
0.166954
0.166309
0.166632
0.166309
0.166632
0.166632
0.165987
0.165342
0.165987
0.165987
0.165987
0.165987
0.165019
0.166632
0.166954
0.166309
0.166632
0.166954
0.167277
0.167599
0.165987
0.166954
0.166632
0.169856
0.166632
0.166309
0.167277
0.167921
0.166632
0.167599
0.168244
0.167599
0.167277
0.170179
0.167277
0.167921
0.167277
0.167277
0.167921
0.168566
0.167277
0.167921
0.167599
0.167599
0.168244
0.167277
0.167599
0.168566
0.168566
0.168566
0.168244
0.167599
0.168566
0.167921
0.167921
0.168566
0.168889
0.168889
0.168244
0.168244
0.168244
0.167599
0.168244
0.168566
0.168889
0.167921
0.168566
0.168566
0.168566
0.168244
0.167277
0.168889
0.168566
0.168244
0.167921
0.169211
0.164374
0.168889
0.167277
0.168566
0.168566
0.168566
0.167921
0.167921
0.167921
0.168244
0.164374
0.166954
0.167921
0.167599
0.167921
0.166632
0.167599
0.167921
0.167921
0.166954
0.167599
0.168889
0.168244
0.166954
0.168244
0.167599
0.168889
0.167599
0.167277
0.168889
0.168566
0.167277
0.168244
0.167277
0.169211
0.167921
0.169211
0.168244
0.168244
0.168566
0.168244
0.167599
0.168889
0.168244
0.167921
0.168244
0.168889
0.168244
0.168244
0.167921
0.168566
0.168566
0.167277
0.167277
0.168244
0.167921
0.167599
0.167921
0.168566
0.168244
0.167921
0.166954
0.169211
0.168244
0.170179
0.167599
0.167921
0.167921
0.167599
0.166309
0.167921
0.167277
0.167277
0.165987
0.171791
0.166954
0.167599
0.166632
0.166632
0.167277
0.167921
0.165987
0.166632
0.166309
0.167277
0.166954
0.166632
0.166954
0.167599
0.166309
0.166309
0.166309
0.167277
0.166954
0.166632
0.165664
0.166309
0.167599
0.165664
0.166632
0.165664
0.167277
0.165987
0.166632
0.166309
0.167599
0.166632
0.167277
0.167277
0.166954
0.166954
0.167277
0.166632
0.166954
0.166632
0.166954
0.166632
0.166954
0.166309
0.166954
0.167277
0.167277
0.167921
0.167277
0.167277
0.167599
0.168244
0.166309
0.167921
0.168244
0.167921
0.166632
0.167921
0.167599
0.168244
0.167599
0.166954
0.167599
0.169211
0.166954
0.167277
0.168244
0.167921
0.168566
0.167599
0.167921
0.168566
0.168244
0.167599
0.168566
0.167599
0.168566
0.168566
0.168244
0.167599
0.168244
0.167921
0.168244
0.167921
0.168244
0.167599
0.168244
0.167599
0.168566
0.167599
0.168244
0.168889
0.167921
0.167277
0.168244
0.167921
0.168566
0.168244
0.167921
0.168244
0.168244
0.166954
0.166632
0.167277
0.168244
0.167277
0.169534
0.167277
0.168566
0.167277
0.166632
0.166632
0.167599
0.167921
0.167277
0.167277
0.173081
0.168244
0.167277
0.167277
0.167921
0.169211
0.167599
0.167277
0.168244
0.167599
0.167599
0.168244
0.167921
0.168244
0.168889
0.168566
0.167921
0.168566
0.167921
0.167921
0.167921
0.169211
0.167277
0.167921
0.168566
0.169534
0.168244
0.168244
0.168889
0.168566
0.168244
0.167599
0.167599
0.168889
0.168566
0.168244
0.167921
0.168244
0.168244
0.168566
0.167277
0.168244
0.169211
0.163729
0.166954
0.167921
0.167921
0.167921
0.166632
0.166954
0.167599
0.167277
0.166309
0.166954
0.166632
0.167277
0.166954
0.166954
0.166309
0.167921
0.166309
0.166954
0.167277
0.166632
0.167921
0.167599
0.166632
0.167277
0.167277
0.165987
0.166632
0.167277
0.166954
0.165664
0.166632
0.166309
0.166309
0.166632
0.167277
0.167277
0.166954
0.166632
0.167599
0.166954
0.167599
0.166954
0.166954
0.167277
0.168244
0.166632
0.166954
0.167921
0.168244
0.167599
0.167277
0.167921
0.168566
0.168244
0.167921
0.166954
0.168566
0.167921
0.168566
0.167277
0.167921
0.169211
0.167921
0.167277
0.167921
0.167921
0.168244
0.168244
0.167599
0.168566
0.168244
0.167599
0.168566
0.167921
0.167921
0.167921
0.168566
0.167599
0.167277
0.167599
0.167921
0.169534
0.167277
0.167277
0.168566
0.168244
0.167921
0.168566
0.168244
0.168566
0.167921
0.167599
0.168566
0.168244
0.168889
0.167921
0.168244
0.167921
0.170179
0.167599
0.168244
0.169211
0.169211
0.166954
0.167277
0.168244
0.168566
0.168244
0.167921
0.167599
0.168566
0.166954
0.167277
0.167277
0.168244
0.167921
0.167277
0.167277
0.167921
0.167921
0.167921
0.167921
0.167921
0.167921
0.167921
0.167921
0.167277
0.171146
0.167599
0.168244
0.167599
0.168244
0.167599
0.167277
0.168244
0.167599
0.167921
0.171146
0.168566
0.167921
0.167599
0.168244
0.168244
0.168244
0.168566
0.167599
0.169211
0.168889
0.168566
0.168244
0.168566
0.168889
0.168889
0.167921
0.167599
0.168566
0.169211
0.167921
0.167921
0.168566
0.168566
0.167921
0.167599
0.167921
0.168889
0.167599
0.167277
0.166954
0.167921
0.167277
0.167599
0.165987
0.167277
0.167599
0.166632
0.166632
0.166309
0.166632
0.165987
0.166309
0.163729
0.166632
0.165664
0.166632
0.167277
0.165664
0.165987
0.167277
0.165987
0.167277
0.165019
0.166309
0.165987
0.167277
0.165019
0.165987
0.166309
0.166309
0.165664
0.165664
0.165987
0.167277
0.166309
0.167599
0.167277
0.167599
0.167599
0.167277
0.166954
0.167277
0.167599
0.166632
0.167277
0.167599
0.167599
0.167277
0.167921
0.167921
0.168244
0.167277
0.167277
0.167921
0.167921
0.168566
0.167921
0.167921
0.168889
0.168244
0.167921
0.168566
0.168889
0.167921
0.168244
0.169534
0.169211
0.168244
0.168244
0.168566
0.169534
0.169211
0.167277
0.169534
0.169534
0.168889
0.171146
0.168889
0.168889
0.169856
0.169211
0.168566
0.168889
0.169534
0.168566
0.168566
0.171791
0.169211
0.169534
0.168566
0.168566
0.169211
0.168889
0.168244
0.168889
0.168889
0.168889
0.168566
0.168244
0.167921
0.169534
0.167921
0.167921
0.167921
0.167921
0.167921
0.167921
0.167921
0.167277
0.167277
0.166632
0.167277
0.166632
0.167277
0.167277
0.167277
0.167921
0.168244
0.166954
0.167599
0.167921
0.167921
0.167599
0.167277
0.168244
0.168244
0.167277
0.167277
0.168889
0.169211
0.167921
0.168244
0.167921
0.168566
0.168244
0.167277
0.168244
0.168244
0.168566
0.166309
0.166954
0.168566
0.169534
0.167277
0.168244
0.168566
0.168889
0.167921
0.169211
0.168889
0.169856
0.169534
0.168244
0.167599
0.169856
0.168244
0.168566
0.168244
0.168244
0.168566
0.167921
0.168244
0.168889
0.168244
0.167921
0.167921
0.168244
0.167599
0.167921
0.166632
0.166954
0.166954
0.166954
0.166954
0.166632
0.166954
0.166954
0.166954
0.166632
0.166632
0.166309
0.165987
0.165987
0.166954
0.165987
0.165987
0.166309
0.166632
0.167277
0.165664
0.166632
0.166632
0.165664
0.168244
0.165987
0.165664
0.166309
0.165019
0.165664
0.165987
0.166954
0.166309
0.166632
0.171791
0.167921
0.167277
0.166632
0.165987
0.168566
0.166954
0.165664
0.167277
0.166954
0.167277
0.166632
0.165987
0.167599
0.167277
0.166954
0.167921
0.167277
0.167921
0.167599
0.167921
0.167599
0.167921
0.167277
0.167921
0.167599
0.167599
0.166632
0.167921
0.167921
0.167921
0.167599
0.168244
0.168244
0.167921
0.167599
0.167921
0.168244
0.168566
0.167277
0.167599
0.168566
0.169211
0.163729
0.167277
0.168566
0.167921
0.167921
0.167277
0.167277
0.168244
0.167599
0.167277
0.167277
0.167921
0.167921
0.167921
0.167277
0.167277
0.168566
0.167277
0.166954
0.167277
0.168244
0.169211
0.167277
0.167277
0.167599
0.167599
0.166954
0.167599
0.166632
0.168244
0.166954
0.167277
0.165987
0.166954
0.166632
0.166954
0.166954
0.166954
0.166954
0.166954
0.166954
0.168244
0.165987
0.167277
0.168244
0.167921
0.167277
0.167921
0.167599
0.167599
0.168566
0.166309
0.167277
0.167921
0.167599
0.166954
0.166632
0.167277
0.167921
0.166309
0.167921
0.167277
0.167599
0.166632
0.170824
0.167599
0.168244
0.166954
0.166632
0.166954
0.167599
0.167599
0.166632
0.166954
0.171146
0.168244
0.166632
0.167277
0.166954
0.167921
0.167277
0.166632
0.167277
0.168244
0.167277
0.166309
0.167599
0.167277
0.166954
0.166954
0.166954
0.166632
0.167277
0.166309
0.166954
0.166632
0.166954
0.165987
0.166954
0.165987
0.167921
0.166954
0.165342
0.165987
0.165987
0.165987
0.166309
0.166632
0.165664
0.165664
0.166309
0.165664
0.166954
0.165019
0.165342
0.165664
0.165664
0.160505
0.165019
0.165987
0.166954
0.166632
0.166309
0.165664
0.166632
0.166954
0.166954
0.160827
0.166632
0.167277
0.166632
0.165664
0.166954
0.166309
0.166954
0.165664
0.166309
0.167277
0.166954
0.166309
0.166954
0.167277
0.167277
0.166954
0.166309
0.166632
0.168566
0.167921
0.166954
0.166632
0.167921
0.167277
0.167599
0.166309
0.167277
0.167921
0.167277
0.167599
0.167599
0.167277
0.168244
0.168889
0.168244
0.168244
0.166954
0.167921
0.167921
0.167921
0.167277
0.168244
0.168244
0.166954
0.167599
0.167599
0.167921
0.168244
0.167277
0.166954
0.168244
0.167921
0.166632
0.171146
0.166954
0.168244
0.168244
0.167277
0.167277
0.168244
0.167599
0.166954
0.166954
0.170501
0.167921
0.166954
0.166632
0.167277
0.167599
0.167277
0.165987
0.166632
0.167599
0.167921
0.165987
0.167599
0.167599
0.167599
0.167277
0.167921
0.167277
0.168889
0.167921
0.167277
0.167277
0.168566
0.168244
0.168566
0.167599
0.168244
0.168244
0.168566
0.168566
0.168244
0.167921
0.167921
0.168244
0.168566
0.168566
0.168566
0.168244
0.167921
0.167921
0.167921
0.168244
0.167921
0.169856
0.167599
0.168244
0.168889
0.168566
0.166954
0.168244
0.168889
0.168566
0.167277
0.162762
0.167599
0.169211
0.168244
0.166954
0.168244
0.168889
0.167599
0.166954
0.167599
0.167599
0.168566
0.167599
0.166309
0.167599
0.168244
0.166632
0.166954
0.167277
0.167277
0.167277
0.166954
0.166632
0.167599
0.167277
0.166632
0.166954
0.166632
0.166632
0.166309
0.165987
0.166954
