Samp. Freq.(Hz)   Sample#   Pulse Length (ms)
10000.000000	10000.000000	100.000000
	
Voltage(V) 
0.186625
0.186625
0.186625
0.185980
0.187592
0.185013
0.185980
0.187270
0.186625
0.186625
0.186625
0.186302
0.186947
0.187270
0.186947
0.185980
0.190495
0.186625
0.185980
0.185980
0.186302
0.186947
0.185980
0.186947
0.186625
0.186302
0.181143
0.185980
0.185980
0.186947
0.185980
0.185980
0.185980
0.185980
0.185980
0.185335
0.184690
0.184368
0.184690
0.184045
0.184368
0.184045
0.184045
0.184045
0.183400
0.184368
0.183723
0.182433
0.183078
0.184368
0.183078
0.183078
0.183400
0.183400
0.183400
0.183078
0.182110
0.183400
0.183078
0.183078
0.181465
0.182755
0.182755
0.183400
0.181788
0.182433
0.183723
0.183723
0.182433
0.183078
0.184045
0.185013
0.184045
0.183400
0.184690
0.185335
0.185013
0.183400
0.184045
0.184690
0.185980
0.185013
0.184368
0.183723
0.185980
0.185335
0.184690
0.185658
0.185980
0.185335
0.184690
0.184690
0.185980
0.186625
0.185658
0.185658
0.186625
0.186625
0.185980
0.186625
0.185658
0.187270
0.187270
0.185980
0.185658
0.188237
0.187592
0.186625
0.186625
0.186947
0.187915
0.188237
0.187270
0.187592
0.187592
0.186947
0.187270
0.187915
0.187592
0.186625
0.186302
0.186947
0.186947
0.186947
0.186625
0.186625
0.186625
0.186625
0.185980
0.186302
0.186947
0.186625
0.185980
0.186302
0.186625
0.186947
0.186625
0.186625
0.187270
0.186625
0.186625
0.186947
0.186625
0.186625
0.190172
0.185335
0.186625
0.185335
0.185658
0.184368
0.185980
0.184690
0.185013
0.185013
0.181465
0.186947
0.186625
0.185335
0.186302
0.186302
0.187270
0.186625
0.185658
0.186625
0.186947
0.186625
0.185335
0.185980
0.187592
0.187592
0.182110
0.185013
0.186302
0.185980
0.185658
0.185335
0.185658
0.186625
0.186302
0.185980
0.186947
0.186625
0.188237
0.187270
0.186947
0.187592
0.188882
0.187270
0.187915
0.188882
0.188882
0.188882
0.188560
0.188560
0.190495
0.189527
0.188882
0.189850
0.189527
0.189205
0.188882
0.189205
0.189205
0.189205
0.188882
0.189527
0.189205
0.190172
0.189527
0.188237
0.186302
0.182433
0.177273
0.171469
0.165664
0.160505
0.155990
0.150508
0.145993
0.142124
0.136964
0.134062
0.130837
0.127612
0.124710
0.121485
0.118583
0.116326
0.113101
0.110844
0.108909
0.107296
0.105684
0.103427
0.101492
0.099879
0.099557
0.097300
0.095687
0.095365
0.093752
0.092463
0.090850
0.090205
0.089883
0.089238
0.087303
0.086981
0.086013
0.086336
0.085046
0.084401
0.083433
0.082788
0.082788
0.081176
0.081498
0.081821
0.081821
0.080209
0.080209
0.080209
0.079886
0.078919
0.078919
0.078919
0.079564
0.078596
0.077306
0.078919
0.078274
0.077629
0.076661
0.076984
0.077629
0.077951
0.076661
0.076984
0.077306
0.076984
0.076339
0.076984
0.075371
0.077629
0.076339
0.076984
0.075694
0.076661
0.076339
0.076339
0.074727
0.076016
0.076016
0.075694
0.076016
0.076984
0.075694
0.075694
0.076339
0.076016
0.075694
0.076016
0.075694
0.075371
0.075371
0.075049
0.075371
0.075049
0.075694
0.074727
0.075371
0.076339
0.076016
0.075049
0.075049
0.076339
0.076016
0.075371
0.075049
0.075049
0.075371
0.075049
0.074404
0.074727
0.075371
0.075694
0.074727
0.074404
0.075371
0.076339
0.075049
0.074082
0.075371
0.076016
0.075694
0.074727
0.075049
0.075049
0.075049
0.074404
0.075049
0.074727
0.075371
0.074727
0.074727
0.075049
0.075694
0.074404
0.074727
0.075371
0.075371
0.075049
0.075049
0.074082
0.075694
0.074404
0.074082
0.074727
0.076016
0.074727
0.074404
0.075049
0.075049
0.075371
0.074404
0.075049
0.075049
0.075049
0.074404
0.075049
0.074727
0.075371
0.075049
0.074404
0.075049
0.075371
0.075371
0.074727
0.075049
0.075049
0.075694
0.074404
0.075049
0.075371
0.075371
0.075049
0.074727
0.074727
0.075694
0.074727
0.075694
0.075694
0.074727
0.075371
0.075371
0.074404
0.075694
0.075371
0.075371
0.075049
0.075371
0.075049
0.075049
0.075371
0.074727
0.075371
0.074727
0.075049
0.075371
0.075049
0.075049
0.075049
0.074727
0.075049
0.074082
0.074404
0.075049
0.076016
0.074404
0.074082
0.075049
0.075049
0.075371
0.074727
0.075371
0.074727
0.076016
0.074727
0.073437
0.075371
0.075694
0.074404
0.073759
0.074727
0.075049
0.075371
0.073759
0.074727
0.075049
0.074727
0.073759
0.074404
0.074404
0.075694
0.074404
0.074727
0.074727
0.076016
0.074727
0.074082
0.075049
0.075694
0.074404
0.074727
0.075049
0.076339
0.075049
0.074727
0.074082
0.075371
0.075371
0.075371
0.074404
0.074727
0.074727
0.074727
0.073759
0.074404
0.075694
0.073759
0.074727
0.075049
0.074727
0.074727
0.075049
0.074404
0.074727
0.074404
0.074404
0.075694
0.074727
0.074727
0.074404
0.075371
0.075049
0.075371
0.075049
0.075371
0.074727
0.075371
0.074727
0.075049
0.075371
0.075694
0.074404
0.075049
0.075694
0.074404
0.074404
0.074082
0.074727
0.075371
0.075049
0.074082
0.075049
0.075049
0.075371
0.073759
0.073759
0.075371
0.076339
0.073759
0.074082
0.075049
0.075371
0.074727
0.074082
0.074727
0.075694
0.074727
0.074082
0.075049
0.075371
0.075371
0.073759
0.074082
0.074404
0.074727
0.074082
0.073437
0.074404
0.074404
0.074404
0.074082
0.074727
0.074727
0.074727
0.074404
0.074727
0.074082
0.074727
0.074082
0.075049
0.075049
0.075694
0.074727
0.075049
0.074404
0.075371
0.074727
0.074404
0.074727
0.074404
0.074082
0.074727
0.074082
0.075049
0.075049
0.074727
0.074727
0.075371
0.074082
0.074404
0.075371
0.075371
0.075049
0.074727
0.074082
0.074727
0.075371
0.074404
0.075049
0.075049
0.075694
0.075049
0.074404
0.075371
0.075371
0.074727
0.074404
0.075694
0.075371
0.075371
0.074082
0.075049
0.075371
0.075049
0.073759
0.075371
0.074727
0.074727
0.075049
0.074404
0.074404
0.075049
0.074727
0.074404
0.074727
0.075694
0.074727
0.074082
0.074082
0.075049
0.074727
0.074082
0.074082
0.074404
0.074727
0.074727
0.073759
0.074404
0.075694
0.074082
0.074404
0.074404
0.075371
0.074727
0.075049
0.074082
0.075049
0.074082
0.074404
0.074404
0.074404
0.074727
0.075049
0.074404
0.075049
0.075371
0.074404
0.074404
0.074082
0.074082
0.073759
0.074727
0.074082
0.074727
0.074727
0.074404
0.075371
0.075049
0.074727
0.074404
0.074727
0.074404
0.075049
0.074082
0.075049
0.074727
0.074727
0.074727
0.074082
0.075049
0.075371
0.074082
0.074404
0.075371
0.075049
0.074727
0.074082
0.074727
0.075371
0.074082
0.073759
0.075049
0.075049
0.075049
0.075049
0.074727
0.075049
0.076016
0.073759
0.074727
0.075049
0.075371
0.074404
0.074082
0.075049
0.075694
0.074727
0.074404
0.076016
0.075371
0.076016
0.074404
0.075049
0.074727
0.074404
0.074082
0.074727
0.075049
0.075371
0.074727
0.074727
0.075049
0.076016
0.075049
0.074727
0.075049
0.074404
0.075049
0.074082
0.074404
0.074727
0.075049
0.074727
0.075049
0.074727
0.075694
0.075694
0.074404
0.074082
0.075371
0.074727
0.075049
0.074404
0.074727
0.076016
0.073759
0.074404
0.075049
0.075049
0.074082
0.075371
0.075049
0.074082
0.075371
0.074404
0.075049
0.075049
0.074404
0.074082
0.075049
0.074404
0.075371
0.074404
0.075049
0.074727
0.075049
0.074082
0.075049
0.074727
0.074727
0.073759
0.074727
0.075049
0.074404
0.074404
0.074404
0.074404
0.075371
0.074727
0.074404
0.075049
0.074727
0.074404
0.075049
0.074727
0.074727
0.076016
0.074404
0.074404
0.075694
0.075049
0.073759
0.074727
0.074404
0.075049
0.075049
0.073759
0.075049
0.075694
0.075694
0.074727
0.075049
0.075049
0.075049
0.074082
0.076016
0.075694
0.076016
0.074404
0.075049
0.075049
0.075371
0.074727
0.074082
0.075049
0.075049
0.075049
0.075049
0.074404
0.075049
0.075371
0.074404
0.074404
0.075694
0.074404
0.075371
0.074404
0.074404
0.075049
0.074727
0.074404
0.075049
0.074727
0.074404
0.075049
0.074082
0.074082
0.075371
0.074082
0.075371
0.074404
0.074404
0.074082
0.074404
0.074082
0.074727
0.074404
0.074082
0.074727
0.075371
0.074404
0.074727
0.075049
0.074082
0.075694
0.074404
0.075371
0.074727
0.074727
0.074404
0.074404
0.074082
0.074082
0.073759
0.074727
0.074404
0.074727
0.075049
0.075049
0.074404
0.075049
0.074727
0.074727
0.074727
0.075371
0.074404
0.074727
0.074404
0.074727
0.075049
0.074404
0.075049
0.076016
0.075371
0.074404
0.074727
0.074727
0.075694
0.074727
0.074727
0.075371
0.074727
0.074727
0.074727
0.074727
0.074727
0.075371
0.074082
0.074727
0.075049
0.075049
0.074404
0.074404
0.074727
0.075371
0.074082
0.074404
0.075049
0.075371
0.074404
0.074404
0.075049
0.075049
0.075049
0.075049
0.074404
0.075049
0.075049
0.074404
0.073759
0.075049
0.075049
0.074404
0.075049
0.074727
0.074727
0.075049
0.074727
0.074404
0.074727
0.075049
0.074404
0.074727
0.074404
0.074404
0.075694
0.072792
0.074727
0.075371
0.073759
0.074727
0.074404
0.074727
0.074404
0.074727
0.075049
0.074727
0.074727
0.074404
0.075371
0.075049
0.075049
0.074082
0.074404
0.075049
0.074727
0.074082
0.075049
0.075049
0.075371
0.075049
0.074082
0.075049
0.075049
0.074082
0.074404
0.074082
0.074727
0.073759
0.074082
0.074727
0.075694
0.074082
0.074082
0.075049
0.075049
0.075049
0.074082
0.075049
0.074404
0.075371
0.074404
0.074404
0.074727
0.075371
0.074727
0.074082
0.074082
0.075049
0.075049
0.073759
0.074727
0.074404
0.074727
0.074404
0.073759
0.074082
0.074727
0.073759
0.074082
0.074082
0.075049
0.074727
0.073759
0.073114
0.074727
0.074727
0.074727
0.074727
0.074404
0.075371
0.074404
0.074082
0.075049
0.075694
0.074082
0.074727
0.074082
0.075049
0.074727
0.073759
0.074082
0.075371
0.074727
0.074404
0.074404
0.073759
0.074727
0.073759
0.074082
0.074404
0.075049
0.074404
0.074404
0.074404
0.074082
0.075049
0.075371
0.074727
0.075049
0.074404
0.074082
0.074727
0.075049
0.075049
0.073759
0.074727
0.075371
0.074727
0.073759
0.074082
0.075371
0.075049
0.074727
0.074727
0.074727
0.075694
0.074082
0.073759
0.075049
0.075371
0.075049
0.074082
0.075049
0.075371
0.075371
0.075371
0.075049
0.075694
0.076339
0.074727
0.075049
0.075049
0.075049
0.075694
0.074082
0.074404
0.075371
0.075371
0.074727
0.074404
0.076016
0.075371
0.074082
0.075049
0.075371
0.075694
0.074404
0.074727
0.075049
0.076016
0.075371
0.074082
0.074404
0.075694
0.075371
0.075049
0.074404
0.075694
0.075371
0.074082
0.074727
0.075049
0.074727
0.075049
0.074727
0.074727
0.075694
0.075049
0.074404
0.075049
0.075371
0.075694
0.075049
0.074727
0.074727
0.075371
0.074404
0.075371
0.074404
0.074727
0.074727
0.074727
0.074404
0.074727
0.074404
0.074727
0.074082
0.075371
0.075049
0.075049
0.075049
0.075049
0.074727
0.075049
0.075371
0.075371
0.074727
0.074404
0.075694
0.075694
0.074404
0.074082
0.075694
0.075371
0.075371
0.074727
0.074727
0.075049
0.076016
0.074082
0.074727
0.075049
0.075049
0.075049
0.074404
0.074727
0.075049
0.075371
0.074404
0.075371
0.075049
0.076016
0.075371
0.074727
0.075694
0.076016
0.075049
0.074404
0.074727
0.075694
0.075049
0.074404
0.075371
0.075371
0.075371
0.074404
0.075049
0.075049
0.075694
0.074404
0.074082
0.074727
0.075049
0.075049
0.075049
0.074727
0.075371
0.075049
0.074082
0.074727
0.076661
0.074727
0.074727
0.075049
0.074727
0.075371
0.074727
0.074727
0.075694
0.075694
0.074727
0.075371
0.075049
0.075371
0.076016
0.074727
0.074727
0.075694
0.074404
0.073759
0.075049
0.075049
0.075049
0.075049
0.082788
0.089238
0.095687
0.100524
0.106651
0.111489
0.116648
0.121485
0.125032
0.129547
0.132127
0.135352
0.138254
0.141801
0.144703
0.145993
0.147928
0.151475
0.153733
0.155345
0.157280
0.158247
0.159860
0.162439
0.162762
0.164052
0.166632
0.167599
0.167599
0.169534
0.169856
0.171146
0.170501
0.172114
0.173081
0.174048
0.174048
0.173726
0.174371
0.174693
0.176628
0.175661
0.175983
0.175983
0.177596
0.176951
0.177596
0.178563
0.179531
0.179208
0.178886
0.180175
0.179853
0.180820
0.179531
0.179853
0.180498
0.180498
0.178241
0.180820
0.179853
0.180820
0.180498
0.180820
0.180175
0.182110
0.180820
0.181143
0.180175
0.181788
0.180820
0.180820
0.180175
0.181788
0.181788
0.180820
0.181143
0.180820
0.181143
0.181465
0.180498
0.181143
0.181143
0.180820
0.181143
0.179853
0.180820
0.181143
0.179853
0.180820
0.181143
0.180498
0.180175
0.181143
0.180498
0.180498
0.179853
0.180175
0.179853
0.180820
0.179208
0.180498
0.179853
0.180498
0.179853
0.179531
0.179853
0.181465
0.179853
0.179531
0.179531
0.179208
0.179531
0.178886
0.178241
0.179208
0.179208
0.178241
0.178886
0.178241
0.179208
0.177918
0.178563
0.177596
0.179531
0.177596
0.178886
0.176951
0.179531
0.178886
0.178563
0.177596
0.179208
0.179208
0.179208
0.178563
0.179208
0.178563
0.178886
0.178241
0.178241
0.178886
0.178886
0.177918
0.178563
0.178241
0.179531
0.177918
0.179208
0.178563
0.179531
0.178241
0.179208
0.178563
0.180498
0.178886
0.178563
0.178886
0.179853
0.178886
0.178563
0.178563
0.180175
0.179531
0.178886
0.179208
0.179208
0.179208
0.179531
0.179853
0.177918
0.178886
0.178886
0.178886
0.178886
0.178886
0.177918
0.177918
0.177918
0.178241
0.178241
0.177273
0.177596
0.177596
0.177918
0.176951
0.176951
0.176628
0.177596
0.176951
0.176306
0.177273
0.176951
0.176628
0.176306
0.176951
0.177273
0.177273
0.177596
0.176951
0.176628
0.175661
0.176951
0.176951
0.175983
0.176951
0.175983
0.176306
0.176628
0.177273
0.175983
0.176951
0.176951
0.177273
0.177918
0.177273
0.177918
0.178886
0.177918
0.178241
0.177918
0.177918
0.178241
0.177918
0.176951
0.179853
0.177918
0.178241
0.177918
0.177918
0.178241
0.179208
0.177596
0.178241
0.178563
0.179853
0.178886
0.178563
0.178563
0.180498
0.178563
0.178886
0.179208
0.179853
0.179208
0.179208
0.179853
0.184045
0.179531
0.179208
0.179853
0.179853
0.179853
0.180175
0.179531
0.180820
0.180820
0.180498
0.183400
0.180498
0.181143
0.181143
0.179531
0.180498
0.181465
0.180175
0.179853
0.181788
0.179853
0.182433
0.180820
0.180498
0.180820
0.181788
0.180175
0.180498
0.179853
0.180498
0.179531
0.178886
0.179853
0.181143
0.180175
0.179208
0.180820
0.180498
0.180498
0.180498
0.179531
0.180820
0.177273
0.179531
0.179531
0.180498
0.180498
0.180175
0.180175
0.180175
0.180498
0.180820
0.180820
0.185335
0.181465
0.181788
0.181465
0.180498
0.181465
0.181788
0.181143
0.181143
0.181143
0.180820
0.184368
0.181465
0.181788
0.182755
0.182433
0.181465
0.181788
0.182433
0.182755
0.180820
0.181143
0.182110
0.182755
0.181143
0.182110
0.182433
0.182433
0.182755
0.182755
0.182110
0.183078
0.181788
0.182110
0.181788
0.182110
0.182433
0.181465
0.183078
0.182110
0.182433
0.181465
0.181465
0.181143
0.181788
0.180498
0.180498
0.180498
0.180498
0.180175
0.179531
0.179853
0.180175
0.180820
0.178886
0.180498
0.179531
0.180175
0.178886
0.179208
0.178563
0.179853
0.178886
0.178886
0.178886
0.178886
0.178563
0.179208
0.178563
0.179853
0.179531
0.178241
0.177273
0.179208
0.179531
0.178563
0.178241
0.179531
0.180498
0.179208
0.178886
0.180820
0.180820
0.180175
0.179531
0.180820
0.179853
0.180175
0.179208
0.179531
0.179531
0.180498
0.179853
0.179531
0.180498
0.182110
0.179531
0.180498
0.180820
0.180498
0.181465
0.180820
0.180820
0.181788
0.182110
0.181465
0.182110
0.180498
0.181788
0.181465
0.181143
0.181465
0.183078
0.181788
0.181143
0.183078
0.182433
0.181788
0.181788
0.181143
0.182110
0.182110
0.181143
0.181788
0.182110
0.182110
0.182110
0.181788
0.181788
0.182110
0.182110
0.181143
0.182110
0.182433
0.181788
0.181465
0.181465
0.182433
0.181465
0.182110
0.182433
0.182110
0.182110
0.181143
0.181143
0.181788
0.181788
0.181143
0.181788
0.181143
0.182755
0.182110
0.180498
0.182433
0.181465
0.180820
0.179853
0.180498
0.180498
0.181143
0.179531
0.180820
0.181143
0.179531
0.182755
0.180820
0.180498
0.180820
0.179208
0.179853
0.179531
0.180820
0.180820
0.179531
0.181143
0.185013
0.180175
0.179208
0.180498
0.180175
0.181465
0.179208
0.180820
0.180820
0.181465
0.179208
0.180175
0.179853
0.180820
0.179531
0.181143
0.179208
0.180498
0.180175
0.180175
0.180820
0.176306
0.180175
0.179853
0.180820
0.181788
0.180820
0.179853
0.179208
0.181143
0.181788
0.179853
0.182110
0.180175
0.179208
0.180820
0.179531
0.179208
0.179531
0.179208
0.179208
0.179531
0.178563
0.179853
0.179208
0.178886
0.180498
0.179208
0.177918
0.178241
0.179208
0.178886
0.178563
0.178241
0.178563
0.179208
0.178241
0.177918
0.178241
0.178241
0.178241
0.178886
0.177596
0.178241
0.177596
0.177918
0.177273
0.176951
0.178241
0.178563
0.177918
0.179531
0.178886
0.177918
0.178563
0.179208
0.179853
0.178563
0.178563
0.179853
0.179531
0.179208
0.179208
0.179531
0.179208
0.179853
0.180175
0.179208
0.180175
0.179853
0.179208
0.179531
0.180175
0.179853
0.179208
0.180175
0.180175
0.179531
0.179208
0.178886
0.180498
0.180175
0.179853
0.179531
0.179531
0.180498
0.181143
0.179853
0.179853
0.179531
0.181143
0.180175
0.180498
0.180498
0.182433
0.179853
0.181143
0.180175
0.181788
0.179531
0.180498
0.181143
0.180820
0.180820
0.181465
0.181788
0.180820
0.181465
0.181788
0.180820
0.181143
0.181465
0.181143
0.181788
0.180820
0.181465
0.181143
0.179208
0.181465
0.181788
0.180820
0.179853
0.180175
0.180498
0.180175
0.179853
0.179531
0.180175
0.179853
0.178886
0.180498
0.179208
0.182110
0.180175
0.180175
0.180175
0.181143
0.180498
0.181143
0.181143
0.180820
0.180820
0.180498
0.184045
0.181465
0.181465
0.181143
0.181465
0.181143
0.181143
0.180175
0.181788
0.181143
0.180498
0.183723
0.181465
0.181788
0.181143
0.181465
0.180175
0.182110
0.182755
0.179531
0.181465
0.180498
0.181788
0.180820
0.180820
0.180175
0.181788
0.180498
0.179853
0.180820
0.180820
0.180498
0.179853
0.181143
0.181465
0.181143
0.180820
0.180498
0.181143
0.181788
0.179853
0.179853
0.179853
0.182433
0.180820
0.179208
0.179853
0.180175
0.180498
0.180175
0.178886
0.179208
0.180175
0.179208
0.180498
0.179531
0.179531
0.179853
0.179853
0.179531
0.180820
0.178563
0.179208
0.179531
0.179208
0.178241
0.178241
0.178241
0.179531
0.178886
0.177918
0.178241
0.179208
0.178563
0.179531
0.178886
0.180820
0.181143
0.179531
0.180175
0.180820
0.180498
0.180175
0.180175
0.180498
0.181143
0.180175
0.180175
0.182110
0.181143
0.181788
0.179853
0.181143
0.181465
0.181143
0.180175
0.180820
0.180820
0.182433
0.181143
0.180498
0.180820
0.182755
0.181143
0.181465
0.181143
0.181465
0.181788
0.180820
0.180820
0.181788
0.181143
0.181465
0.181788
0.181465
0.182433
0.182110
0.180820
0.180820
0.182433
0.181143
0.180820
0.180820
0.181465
0.181143
0.181143
0.180820
0.181465
0.181143
0.180820
0.180820
0.181143
0.181143
0.181143
0.180820
0.180820
0.181143
0.180498
0.180498
0.180175
0.180498
0.181143
0.180175
0.180820
0.180820
0.180498
0.180498
0.181143
0.180498
0.181788
0.179853
0.180498
0.176306
0.181465
0.180820
0.180820
0.181143
0.182110
0.181788
0.180820
0.181465
0.182755
0.182110
0.184368
0.181788
0.182110
0.182433
0.181788
0.181465
0.182110
0.182755
0.182110
0.181465
0.182110
0.181143
0.182755
0.181143
0.181788
0.182755
0.181788
0.182433
0.181143
0.181143
0.182755
0.177596
0.181788
0.181465
0.182110
0.181465
0.181788
0.180175
0.181465
0.181143
0.180820
0.181143
0.182755
0.181788
0.181788
0.182433
0.181788
0.182110
0.180498
0.181143
0.181465
0.181465
0.179853
0.181143
0.180820
0.181465
0.179853
0.180175
0.180820
0.179531
0.180498
0.179853
0.180498
0.179853
0.181465
0.179853
0.179853
0.180820
0.180498
0.178886
0.179531
0.179853
0.180175
0.178886
0.179208
0.179531
0.180820
0.178886
0.179208
0.179531
0.179853
0.179853
0.178241
0.178886
0.179853
0.180175
0.179208
0.180175
0.179531
0.180498
0.179853
0.179853
0.179853
0.180820
0.181465
0.180498
0.178886
0.181788
0.180498
0.179853
0.180175
0.181143
0.181465
0.181143
0.181788
0.181465
0.182110
0.180820
0.181143
0.181788
0.181788
0.181143
0.181143
0.181143
0.182110
0.182755
0.181465
0.182433
0.182433
0.181788
0.182110
0.183078
0.182433
0.182110
0.181788
0.182110
0.182755
0.182110
0.181465
0.183078
0.182433
0.182433
0.182110
0.182433
0.182433
0.183723
0.181788
0.182110
0.183078
0.183400
0.182755
0.182755
0.182433
0.183078
0.183078
0.181465
0.182433
0.182755
0.182110
0.181143
0.181788
0.183400
0.183078
0.182110
0.181465
0.182755
0.182110
0.181788
0.181143
0.181788
0.183078
0.182433
0.185013
0.180820
0.181143
0.183078
0.180820
0.180498
0.181465
0.182755
0.181143
0.181465
0.179531
0.182433
0.181465
0.181465
0.181143
0.181788
0.181143
0.181143
0.182110
0.181788
0.181465
0.180175
0.181788
0.182433
0.183400
0.181788
0.182433
0.183078
0.182110
0.181788
0.182110
0.181788
0.183400
0.182110
0.182110
0.182110
0.182433
0.182110
0.182433
0.181788
0.182433
0.181143
0.181465
0.182433
0.183078
0.181788
0.181788
0.183078
0.183400
0.182755
0.182755
0.182433
0.182433
0.183400
0.181788
0.181465
0.181788
0.182433
0.182110
0.180820
0.180175
0.182110
0.181465
0.180498
0.180175
0.180820
0.181465
0.180175
0.179853
0.180498
0.180820
0.179531
0.180175
0.180175
0.180820
0.179208
0.180175
0.179531
0.180498
0.179531
0.180498
0.179853
0.179531
0.179853
0.180175
0.178886
0.179531
0.179853
0.178886
0.179853
0.180820
0.180175
0.179853
0.180820
0.180820
0.181143
0.180175
0.180820
0.181788
0.181143
0.180820
0.181143
0.181143
0.181788
0.181143
0.181143
0.181465
0.182110
0.182433
0.180820
0.181788
0.182755
0.182433
0.181788
0.181788
0.181465
0.182433
0.182433
0.181465
0.181788
0.182433
0.181788
0.182110
0.183078
0.182433
0.181788
0.181143
0.181788
0.182755
0.182110
0.181465
0.182110
0.181788
0.182110
0.182433
0.182433
0.182755
0.183078
0.183078
0.182110
0.181143
0.186947
0.182755
0.184045
0.182110
0.182755
0.182433
0.182755
0.178241
0.183400
0.182110
0.183400
0.183400
0.183078
0.182433
0.182755
0.182755
0.183078
0.182110
0.182110
0.182433
0.182433
0.180820
0.181143
0.182110
0.182755
0.182755
0.182433
0.181143
0.181143
0.182755
0.181788
0.180498
0.185335
0.183400
0.182110
0.182110
0.182755
0.182755
0.183400
0.182755
0.181465
0.181788
0.182755
0.183400
0.182755
0.181788
0.182755
0.183078
0.181788
0.182433
0.183078
0.182110
0.182110
0.183078
0.182755
0.182755
0.182433
0.182433
0.183078
0.183078
0.182433
0.183078
0.183078
0.183078
0.183400
0.183400
0.183078
0.183400
0.183723
0.183078
0.183400
0.183078
0.183078
0.182755
0.183723
0.183723
0.182755
0.183723
0.183723
0.183400
0.183400
0.182755
0.183078
0.182755
0.182433
0.182755
0.181788
0.182110
0.183078
0.182433
0.181465
0.181788
0.181788
0.181788
0.180820
0.180820
0.181143
0.182110
0.180820
0.180820
0.182110
0.181465
0.180820
0.181465
0.180820
0.181143
0.180820
0.181143
0.181465
0.180820
0.180498
0.180175
0.180175
0.180175
0.181465
0.180498
0.180175
0.181465
0.181465
0.181143
0.181788
0.181788
0.182110
0.182110
0.181143
0.182755
0.181788
0.182433
0.180820
0.182110
0.182110
0.183078
0.181788
0.182110
0.182433
0.181788
0.181788
0.182433
0.182433
0.183400
0.182433
0.178241
0.183723
0.183078
0.183078
0.183723
0.183078
0.183078
0.184045
0.183078
0.182755
0.183400
0.188882
0.183400
0.183078
0.183400
0.184368
0.184045
0.183400
0.184690
0.184690
0.183723
0.182755
0.183723
0.184045
0.184368
0.183400
0.184368
0.183723
0.184045
0.184045
0.183723
0.183723
0.181143
0.184368
0.184045
0.184045
0.183400
0.183400
0.183078
0.183078
0.183723
0.183400
0.183078
0.185980
0.183400
0.183723
0.183723
0.183078
0.183078
0.184045
0.182755
0.183723
0.182433
0.183078
0.183400
0.182755
0.182755
0.183078
0.182433
0.182755
0.183078
0.183078
0.184045
0.183723
0.182433
0.182755
0.184045
0.183078
0.182755
0.183078
0.183400
0.183400
0.183078
0.183078
0.184368
0.184045
0.182433
0.183400
0.183723
0.184368
0.182755
0.182755
0.183723
0.184045
0.184045
0.183400
0.183723
0.185013
0.185013
0.182755
0.184045
0.184690
0.183723
0.183400
0.183078
0.183723
0.184690
0.182755
0.184045
0.185013
0.184368
0.183723
0.184045
0.184045
0.184690
0.184368
0.183078
0.183400
0.184045
0.183400
0.182755
0.182755
0.182755
0.183078
0.181465
0.182755
0.182755
0.182110
0.181788
0.181788
0.182433
0.183400
0.182110
0.182110
0.182433
0.182755
0.181788
0.181143
0.181143
0.181788
0.182755
0.182433
0.181465
0.181143
0.181788
0.180820
0.181143
0.180820
0.181143
0.179853
0.180498
0.178886
0.181788
0.181465
0.181788
0.181465
0.182110
0.181465
0.181143
0.182755
0.182755
0.182755
0.186302
0.181465
0.181788
0.183078
0.182110
0.182433
0.183078
0.183078
0.182110
0.183078
0.182755
0.186302
0.183400
0.182110
0.183400
0.183078
0.183723
0.183723
0.183723
0.184045
0.184045
0.181143
0.183400
0.183723
0.184690
0.183400
0.183723
0.183723
0.184045
0.182755
0.183400
0.184368
0.185335
0.184045
0.183400
0.183723
0.184045
0.184045
0.183400
0.183400
0.184045
0.184045
0.183723
0.183723
0.184368
0.186302
0.184368
0.184368
0.185013
0.185013
0.184045
0.184368
0.184690
0.185013
0.185013
0.184368
0.183400
0.184368
0.184368
0.185335
0.184045
0.183723
0.184690
0.182755
0.183078
0.183400
0.184045
0.183723
0.182433
0.182433
0.183078
0.183078
0.183078
0.184045
0.182755
0.183400
0.183723
0.183400
0.184045
0.184045
0.183078
0.183723
0.182433
0.183723
0.184045
0.183400
0.183400
0.184690
0.183723
0.183078
0.184045
0.184368
0.185013
0.184690
0.183400
0.183723
0.184045
0.183723
0.184368
0.184368
0.184368
0.185013
0.183078
0.183400
0.184368
0.184045
0.182755
0.183723
0.183078
0.183723
0.183078
0.183078
0.183723
0.185013
0.184045
0.184045
0.183078
0.184368
0.185335
0.185013
0.184045
0.184690
0.184045
0.183078
0.183078
0.184045
0.184368
0.182433
0.182433
0.183078
0.185980
0.181788
0.182110
0.182110
0.183078
0.182110
0.182110
0.182110
0.182433
0.182110
0.182110
0.184368
0.181465
0.182433
0.181465
0.181143
0.181788
0.182433
0.182110
0.182110
0.181465
0.177596
0.181465
0.180498
0.182110
0.182110
0.182110
0.182433
0.181788
0.181465
0.182110
0.181788
0.184690
0.183078
0.183400
0.182755
0.182110
0.182110
0.183400
0.182110
0.182755
0.183400
0.183400
0.183078
0.182755
0.183078
0.184045
0.184368
0.183723
0.183078
0.184045
0.184045
0.184368
0.183078
0.184690
0.185658
0.184045
0.184045
0.184368
0.184690
0.185013
0.184045
0.184690
0.185013
0.184045
0.184045
0.184690
0.184690
0.185335
0.184045
0.184368
0.184368
0.184690
0.184368
0.184690
0.184045
0.185658
0.184690
0.184690
0.185013
0.185013
0.184690
0.185335
0.184690
0.185013
0.185335
0.184690
0.185013
0.185335
0.184690
0.184368
0.184690
0.185013
0.185658
0.184690
0.184368
0.185013
0.184690
0.185335
0.184045
0.184368
0.184368
0.185013
0.183723
0.184045
0.183400
0.184690
0.183723
0.182755
0.184045
0.184690
0.184368
0.184690
0.184045
0.184368
0.185013
0.183400
0.184045
0.185013
0.183723
0.184368
0.183400
0.184368
0.183400
0.183400
0.185013
0.183723
0.185013
0.184690
0.183723
0.178241
0.183400
0.184690
0.184045
0.184368
0.184368
0.184045
0.184045
0.183723
0.184690
0.185980
0.187915
0.184045
0.184368
0.184368
0.184045
0.183723
0.184045
0.185013
0.184045
0.183723
0.183400
0.184045
0.184368
0.183723
0.183723
0.184690
0.185335
0.183400
0.183400
0.184045
0.184045
0.189205
0.183400
0.183400
0.183078
0.182433
0.183078
0.183078
0.182755
0.182433
0.183400
0.181788
0.183078
0.182755
0.182433
0.182755
0.183078
0.182755
0.182433
0.181143
0.182110
0.182433
0.182755
0.181465
0.182755
0.181788
0.181465
0.180820
0.181465
0.181143
0.181143
0.180820
0.182110
0.182755
0.182110
0.182433
0.182110
0.182755
0.183400
0.182755
0.182433
0.182755
0.183078
0.183400
0.183078
0.183723
0.183400
0.183400
0.183723
0.183400
0.184045
0.184690
0.183723
0.183400
0.184045
0.183723
0.184045
0.183723
0.185013
0.184690
0.184368
0.184045
0.184368
0.184690
0.185013
0.184368
0.184368
0.185013
0.184045
0.184690
0.184368
0.184368
0.185658
0.184690
0.184690
0.184690
0.185658
0.185013
0.184368
0.185013
0.185335
0.185980
0.184690
0.184690
0.185013
0.185658
0.184368
0.185980
0.185335
0.186302
0.184690
0.184368
0.185335
0.186302
0.184690
0.185013
0.185013
0.185013
0.184690
0.185980
0.184690
0.184690
0.185335
0.185013
0.184368
0.184368
0.185013
0.184368
0.184045
0.183400
0.187592
0.184368
0.182755
0.183400
0.184690
0.183078
0.183723
0.184690
0.184690
0.183723
0.183723
0.184690
0.185013
0.184368
0.184045
0.184045
0.184045
0.183723
0.184368
0.184368
0.183723
0.189527
0.183723
0.184368
0.184690
0.185013
0.184045
0.184368
0.184690
0.185335
0.184690
0.183723
0.186302
0.185013
0.185658
0.185013
0.185013
0.185013
0.184690
0.184045
0.184690
0.185658
0.185658
0.185335
0.185013
0.185980
0.185658
0.184690
0.185335
0.185658
0.185980
0.185013
0.184690
0.184368
0.185335
0.185658
0.185013
0.185335
0.184690
0.185013
0.183723
0.183400
0.183400
0.183400
0.182433
0.183078
0.183078
0.183400
0.183078
0.182755
0.183078
0.183078
0.183078
0.181788
0.182433
0.182433
0.183400
0.182433
0.183078
0.183078
0.182433
0.181465
0.182110
0.181788
0.183078
0.181788
0.180820
0.182433
0.181465
0.181788
0.182433
0.182110
0.182433
0.183078
0.182110
0.182755
0.183400
0.183078
0.183078
0.182755
0.183078
0.183723
0.183078
0.183078
0.184045
0.183723
0.183400
0.184045
0.184045
0.183723
0.184368
0.184045
0.184690
0.184690
0.185013
0.183723
0.184368
0.184368
0.185335
0.185658
0.184690
0.184368
0.185335
0.184690
0.183723
0.185658
0.186302
0.184690
0.184045
0.185658
0.189527
0.185658
0.185013
0.185013
0.185980
0.185658
0.185658
0.185335
0.186302
0.185658
0.185335
0.185013
0.185658
0.185980
0.186302
0.185013
0.185335
0.185335
0.185658
0.185335
0.184690
0.187915
0.186302
0.185980
0.185980
0.185013
0.185335
0.185335
0.184690
0.185335
0.185335
0.185658
0.186947
0.185335
0.185013
0.184690
0.183723
0.184690
0.183723
0.184690
0.184045
0.183723
0.183723
0.185013
0.183723
0.183723
0.185013
0.184045
0.184045
0.183723
0.184690
0.184690
0.184368
0.183723
0.184368
0.184368
0.185335
0.184690
0.185013
0.185335
0.185013
0.185013
0.184690
0.185013
0.185980
0.184690
0.185013
0.186625
0.184045
0.185335
0.184368
0.185013
0.185013
0.185658
0.184690
0.184690
0.185013
0.185658
0.184045
0.184045
0.184045
0.185658
0.185335
0.184690
0.184368
0.185335
0.184690
0.185013
0.185335
0.185013
0.185013
0.185013
0.184368
0.184045
0.184368
0.184045
0.183400
0.183400
0.183723
0.183723
0.183078
0.183400
0.183078
0.183078
0.182433
0.182433
0.182755
0.183400
0.182110
0.182433
0.182755
0.183078
0.182110
0.181788
0.182755
0.182110
0.181143
0.182433
0.182433
0.179853
0.181465
0.182110
0.181143
0.181788
0.181788
0.181788
0.182110
0.182755
0.181788
0.181465
0.186302
0.182433
0.183723
0.182433
0.182110
0.183400
0.183723
0.181465
0.182755
0.183078
0.182755
0.185658
0.182110
0.183078
0.183400
0.183400
0.183078
0.183400
0.184368
0.184045
0.183400
0.179208
0.184690
0.184368
0.184045
0.183723
0.183400
0.184690
0.184368
0.184045
0.185013
0.184690
0.187915
0.184368
0.185658
0.185013
0.185658
0.184368
0.185658
0.184045
0.185013
0.185013
0.185013
0.185335
0.185658
0.184690
0.185013
0.185658
0.184368
0.184368
0.185013
0.184690
0.184690
0.185335
0.184690
0.185658
0.185658
0.185013
0.184368
0.184045
0.185335
0.185335
0.185335
0.184368
0.185335
0.185335
0.185658
0.184045
0.184690
0.185658
0.185335
0.184368
0.184045
0.184045
0.185335
0.183723
0.185013
0.183400
0.185335
0.184690
0.185335
0.184368
0.184690
0.185658
0.185013
0.184690
0.185335
0.185658
0.185013
0.184690
0.185013
0.185335
0.185658
0.185013
0.185980
0.185013
0.185658
0.185335
0.185013
0.184690
0.184690
0.185013
0.185658
0.185013
0.185658
0.185013
0.185013
0.185335
0.185335
0.184368
0.184690
0.185013
0.185013
0.184368
0.183400
0.184690
0.185335
0.185335
0.184690
0.186947
0.184690
0.185658
0.185013
0.184368
0.185335
0.186302
0.184368
0.184690
0.185335
0.184690
0.188237
0.183400
0.183400
0.184690
0.184368
0.183078
0.183723
0.184368
0.184690
0.184368
0.182433
0.182755
0.185013
0.184690
0.182110
0.183078
0.183400
0.183723
0.182433
0.182433
0.182755
0.178886
0.183400
0.183078
0.182755
0.182110
0.182755
0.182110
0.181788
0.182110
0.182433
0.182110
0.183400
0.183078
0.183723
0.183400
0.183078
0.183400
0.183723
0.184045
0.183723
0.183723
0.183723
0.183723
0.183400
0.184045
0.184045
0.184045
0.184690
0.185013
0.184045
0.185335
0.183723
0.184690
0.184368
0.184368
0.184368
0.184690
0.184045
0.184368
0.183723
0.184045
0.184690
0.184690
0.184368
0.185013
0.185013
0.184045
0.184045
0.184690
0.185013
0.184368
0.185013
0.184368
0.185013
0.185658
0.185980
0.184690
0.185335
0.185658
0.185980
0.185013
0.185335
0.185980
0.186625
0.185658
0.185335
0.186947
0.185980
0.185658
0.185658
0.185980
0.185980
0.185980
0.185013
0.184690
0.185658
0.185335
0.185980
0.184690
0.185658
0.185658
0.184690
0.184368
0.184690
0.185980
0.185980
0.184690
0.184368
0.184368
0.185335
0.184690
0.183723
0.183723
0.184368
0.184045
0.184045
0.183723
0.185013
0.182110
0.184690
0.184045
0.185013
0.185335
0.185013
0.184690
0.185013
0.184690
0.185013
0.185013
0.188237
0.185980
0.185658
0.184690
0.185658
0.185013
0.185013
0.185335
0.184690
0.185335
0.185658
0.185980
0.185658
0.186947
0.185658
0.185013
0.186302
0.185013
0.185980
0.185335
0.185013
0.184690
0.187270
0.185013
0.184690
0.185658
0.185980
0.185335
0.185013
0.185658
0.185980
0.185335
0.187270
0.185013
0.185013
0.185335
0.184045
0.184368
0.185013
0.184690
0.184045
0.183723
0.183400
0.184045
0.183723
0.183078
0.183400
0.183723
0.183400
0.182755
0.182433
0.182755
0.184045
0.182433
0.182755
0.183078
0.183078
0.182755
0.183400
0.182755
0.183400
0.183078
0.182433
0.182755
0.182433
0.182433
0.182755
0.182755
0.183078
0.183400
0.182433
0.183400
0.184690
0.184368
0.183400
0.183723
0.184368
0.184690
0.183078
0.183723
0.184368
0.184368
0.183400
0.183400
0.184368
0.185658
0.185013
0.184690
0.184045
0.185013
0.186625
0.185335
0.184368
0.185658
0.186625
0.185658
0.185013
0.185335
0.185013
0.185980
0.184690
0.184690
0.185013
0.185335
0.185013
0.186302
0.185658
0.185980
0.185658
0.185658
0.184368
0.185980
0.184690
0.185013
0.185335
0.185980
0.185980
0.185658
0.185658
0.187592
0.186625
0.185658
0.185980
0.185980
0.185658
0.185335
0.185980
0.185658
0.185013
0.185013
0.188560
0.185013
0.185658
0.185335
0.185658
0.185980
0.186625
0.184690
0.185658
0.185980
0.181788
0.185335
0.185013
0.185335
0.186302
0.185335
0.183400
0.184690
0.184690
0.183723
0.183078
0.188882
0.185013
0.185658
0.185013
0.184045
0.185335
0.185013
0.185013
0.185335
0.185013
0.185335
0.186302
0.184368
0.184690
0.185335
0.185658
0.184690
0.185335
0.185335
0.185658
0.184368
0.184368
0.185013
0.185980
0.185335
0.184368
0.184690
0.186625
0.185335
0.185013
0.185013
0.184690
0.185658
0.185013
0.185013
0.185658
0.185658
0.184368
0.185980
0.185658
0.185658
0.185335
0.185013
0.185658
0.185980
0.185658
0.185658
0.185980
0.185335
0.185658
0.184368
0.185013
0.184368
0.185013
0.183400
0.184368
0.184368
0.183723
0.184045
0.184045
0.184045
0.184368
0.183078
0.184045
0.183400
0.184368
0.183400
0.182755
0.183400
0.184045
0.184045
0.182755
0.184045
0.184368
0.184045
0.183078
0.183400
0.183400
0.183400
0.183723
0.183400
0.182433
0.183400
0.183723
0.183078
0.183078
0.183078
0.181788
0.183723
0.183400
0.184045
0.185013
0.183723
0.184368
0.184368
0.184045
0.183400
0.184045
0.187592
0.184368
0.184368
0.183723
0.184045
0.184368
0.184368
0.184368
0.184045
0.184045
0.180820
0.184690
0.184690
0.185013
0.184690
0.184368
0.184690
0.185658
0.185013
0.184690
0.185013
0.190172
0.185980
0.185013
0.185335
0.185013
0.186625
0.185980
0.185013
0.185980
0.186947
0.185980
0.185658
0.185335
0.185980
0.186302
0.185013
0.185335
0.186302
0.187270
0.186302
0.185335
0.185335
0.186302
0.186625
0.185335
0.185980
0.187270
0.185335
0.185658
0.185013
0.185658
0.186302
0.185335
0.185013
0.185658
0.185658
0.185335
0.186625
0.185658
0.185980
0.185980
0.185980
0.185013
0.185980
0.184690
0.185335
0.184368
0.185013
0.185335
0.185335
0.184690
0.185980
0.185013
0.185013
0.185658
0.186302
0.185658
0.184690
0.185335
0.186302
0.185658
0.185658
0.185658
0.185980
0.187270
0.186625
0.185980
0.186625
0.186625
0.186302
0.185658
0.185658
0.185980
0.186947
0.185980
0.185980
0.185980
0.187270
0.186302
0.187270
0.186625
0.186947
0.186947
0.186625
0.186302
0.187270
0.186302
0.190172
0.185980
0.186625
0.186947
0.185980
0.185980
0.185980
0.186947
0.185335
0.185013
0.185013
0.185980
0.185013
0.185335
0.184690
0.185335
0.184368
0.184368
0.184368
0.185335
0.184045
0.179208
0.184045
0.185013
0.184045
0.184368
0.184045
0.184368
0.183723
0.184045
0.183400
0.183078
0.186302
0.182433
0.183400
0.183078
0.183723
0.183078
0.182433
0.183400
0.183078
0.182755
0.181465
0.182433
0.183078
0.184045
0.183078
0.183078
0.184045
0.185013
0.183400
0.184045
0.184368
0.184690
0.184368
0.184368
0.184045
0.185335
0.184690
0.184368
0.185013
0.185335
0.185013
0.185658
0.185335
0.185658
0.186302
0.185335
0.185658
0.185980
0.186302
0.185335
0.185013
0.185658
0.185980
0.185980
0.185335
0.184690
0.186302
0.185980
0.185658
0.186302
0.185980
0.185980
0.186302
0.186302
0.186625
0.185980
0.186302
0.187270
0.186302
0.186947
0.185658
0.185980
0.186625
0.186302
0.185658
0.185980
0.185980
0.186947
0.185980
0.186302
0.185980
0.186302
0.185980
0.185658
0.186947
0.186302
0.186302
0.185013
0.186302
0.186947
0.186302
0.185658
0.185980
0.185980
0.186302
0.185335
0.185658
0.189850
0.185980
0.184368
0.185013
0.185335
0.185658
0.184690
0.184368
0.184690
0.186302
0.185013
0.187915
0.185658
0.185658
0.185658
0.185013
0.185980
0.186302
0.185980
0.185980
0.185980
0.181465
0.186302
0.186302
0.185335
0.185980
0.185658
0.187270
0.185980
0.185980
0.186302
0.186625
0.187592
0.186302
0.186302
0.185980
0.185658
0.186302
0.185980
0.185980
0.185980
0.186302
0.186302
0.186625
0.185335
0.186302
0.186302
0.186302
0.185335
0.185980
0.186625
0.187592
0.185980
0.185980
0.187270
0.186625
0.185980
0.185658
0.185335
0.185980
0.185658
0.184368
0.185013
0.184045
0.185335
0.184368
0.183723
0.184368
0.185013
0.183723
0.183723
0.183400
0.184368
0.184045
0.183400
0.184045
0.184690
0.184045
0.184045
0.184045
0.183723
0.184368
0.184045
0.183400
0.184045
0.183400
0.183078
0.183078
0.182755
0.182755
0.183400
0.183078
0.183078
0.184368
0.183723
0.183078
0.185658
0.185335
0.185013
0.184045
0.184690
0.184368
0.184690
0.183400
0.184045
0.184045
0.184690
0.184368
0.183723
0.184368
0.184690
0.183723
0.184045
0.184045
0.185013
0.185335
0.184045
0.185013
0.185980
0.179853
0.185013
0.185335
0.185658
0.186302
0.185658
0.184690
0.185658
0.186302
0.185980
0.185013
0.188560
0.186302
0.186947
0.185658
0.185658
0.187270
0.186947
0.185658
0.187270
0.186302
0.182755
0.185335
0.186302
0.186625
0.186947
0.185980
0.187270
0.186625
0.186625
0.186302
0.185980
0.188560
0.187270
0.186302
0.186625
0.186625
0.187592
0.186302
0.185980
0.186302
0.187270
0.186947
0.185658
0.185980
0.186625
0.186947
0.185980
0.185980
0.186302
0.186625
0.185335
0.185658
0.185658
0.185980
0.185658
0.184690
0.185335
0.187270
0.185658
0.185335
0.185980
0.186302
0.187270
0.185658
0.185658
0.186625
0.186625
0.185980
0.186302
0.186302
0.187270
0.187270
0.185658
0.186625
0.186947
0.185980
0.185980
0.185980
0.186625
0.186947
0.186947
0.185980
0.186625
0.186625
0.185335
0.186302
0.185658
0.187592
0.186302
0.186947
0.186625
0.186947
0.186947
0.186302
0.186302
0.187270
0.187270
0.186625
0.187270
0.186302
0.187270
0.186947
0.186625
0.186302
0.187270
0.185980
0.185013
0.185980
0.185013
0.185013
0.184368
0.185335
0.185335
0.183723
0.183400
0.184045
0.185013
0.184368
0.184368
0.184045
0.184368
0.184045
0.183078
0.184045
0.183400
0.184368
0.182755
0.183078
0.183400
0.187270
0.183723
0.183078
0.183723
0.183400
0.183400
0.182755
0.182755
0.183723
0.183723
0.182755
0.184045
0.183723
0.185658
0.184690
0.183723
0.184690
0.185013
0.185335
0.184368
0.184690
0.187592
0.185013
0.185335
0.185335
0.185013
0.185980
0.185658
0.185335
0.184690
0.185658
0.185658
0.185980
0.186302
0.186625
0.186302
0.185980
0.186302
0.185980
0.185980
0.185980
0.185335
0.185658
0.185335
0.185658
0.185658
0.185658
0.186947
0.185980
0.186947
0.186625
0.186947
0.185980
0.187915
0.186302
0.187592
0.185658
0.186625
0.186302
0.187270
0.186625
0.185980
0.186625
0.188237
0.186947
0.186625
0.186625
0.186625
0.187270
0.186625
0.186302
0.186302
0.186947
0.186947
0.185980
0.185980
0.187592
0.186302
0.185980
0.185980
0.185980
0.185980
0.185658
0.185980
0.185658
0.186302
0.185335
0.186302
0.185013
0.185658
0.185335
0.185013
0.185013
0.185335
0.184368
0.185980
0.185335
0.185980
0.185658
0.185658
0.186302
0.186625
0.185658
0.185980
0.185980
0.186625
0.186625
0.185013
0.187270
0.186625
0.186625
0.185658
0.185980
0.185980
0.185980
0.185335
0.185013
0.185980
0.185980
0.189850
0.185658
0.185980
0.186625
0.185013
0.185013
0.185013
0.185980
0.185658
0.185658
0.185013
0.186947
0.185980
0.186302
0.186302
0.185335
0.185980
0.185335
0.185335
0.185980
0.185980
0.181143
0.185658
0.185980
0.185335
0.185658
0.185335
0.185013
0.185335
0.185013
0.184368
0.185335
0.185980
0.185013
0.184045
0.184690
0.184368
0.183400
0.183078
0.184690
0.183723
0.184368
0.183400
0.183723
0.183400
0.183723
0.183400
0.183400
0.183400
0.184045
0.184690
0.182433
0.183078
0.183400
0.183400
0.182433
0.182755
0.183400
0.184368
0.183723
0.183400
0.184690
0.184690
0.184368
0.184368
0.184690
0.185013
0.185013
0.183400
0.185658
0.185013
0.184690
0.184368
0.184690
0.185335
0.185335
0.185658
0.185335
0.185335
0.186302
0.186302
0.185013
0.185335
0.186302
0.185658
0.185335
0.185335
0.185658
0.186302
0.185658
0.185013
0.186625
0.185980
0.186302
0.185980
0.185658
0.186625
0.185658
0.185658
0.186302
0.185658
0.186625
0.186302
0.186302
0.185980
0.186625
0.186302
0.185658
0.188237
0.186302
0.185658
0.186302
0.186625
0.185980
0.185980
0.185980
0.187270
0.186302
0.186302
0.188882
0.185980
0.186947
0.186302
0.185658
0.186947
0.185658
0.185980
0.185980
0.185658
0.183078
0.185980
0.185335
0.185980
0.186625
0.186625
0.185980
0.185013
0.185980
0.185980
0.185658
0.186947
0.185013
0.185658
0.185980
0.185335
0.185013
0.186625
0.186302
0.185658
0.185335
0.185980
0.187592
0.186625
0.185980
0.186947
0.187270
0.187270
0.186947
0.186625
0.186625
0.186947
0.185980
0.186625
0.185980
0.186947
0.186625
0.186302
0.185335
0.187270
0.186625
0.185980
0.186625
0.185980
0.186302
0.185980
0.185980
0.185980
0.186625
0.185980
0.186302
0.185980
0.186625
0.186302
0.186302
0.187592
0.186947
0.186302
0.185980
0.186302
0.185980
0.186302
0.184368
0.185980
0.185658
0.185658
0.185013
0.184045
0.184368
0.185980
0.183723
0.184045
0.185013
0.184368
0.184045
0.183723
0.183723
0.184690
0.185013
0.182755
0.183723
0.184368
0.183078
0.183400
0.183078
0.183078
0.184368
0.183078
0.182755
0.183400
0.183723
0.182755
0.183400
0.182755
0.183723
0.183723
0.183078
0.183400
0.180820
0.184368
0.183723
0.184690
0.184690
0.184690
0.183723
0.184045
0.184690
0.183723
0.183723
0.187915
0.184690
0.185013
0.185013
0.184690
0.185335
0.185013
0.185335
0.185335
0.185980
0.185013
0.185980
0.184690
0.186302
0.185658
0.185980
0.185658
0.185980
0.186302
0.185980
0.185658
0.187592
0.186625
0.187270
0.186625
0.187270
0.186625
0.186947
0.186625
0.186302
0.186625
0.187270
0.187270
0.186947
0.187270
0.187592
0.187592
0.186625
0.185658
0.187270
0.188882
0.186302
0.185980
0.187270
0.187592
0.187270
0.186947
0.187270
0.186302
0.187270
0.186302
0.186302
0.186625
0.186947
0.185980
0.186625
0.185980
0.186302
0.186302
0.185658
0.185980
0.186625
0.185980
0.185335
0.185658
0.185658
0.186302
0.185335
0.185335
0.185658
0.185335
0.185658
0.186302
0.185335
0.186625
0.185335
0.186302
0.186302
0.185658
0.185658
0.185980
0.185658
0.186302
0.185980
0.185980
0.186302
0.185980
0.186625
0.186302
0.185980
0.186302
0.186302
0.185980
0.186302
0.186302
0.185980
0.186302
0.182110
0.187270
0.187592
0.186625
0.186625
0.186625
0.187270
0.188237
0.185980
0.186947
0.186947
0.190817
0.187270
0.186625
0.185658
0.187270
0.186625
0.186302
0.186302
0.186625
0.185658
0.183078
0.184690
0.185980
0.185013
0.184368
0.184368
0.185013
0.183723
0.184045
0.184690
0.183723
0.187592
0.183723
0.183400
0.183400
0.183400
0.183400
0.183078
0.183400
0.183400
0.183400
0.182755
0.184045
0.182755
0.183078
0.182433
0.183078
0.183400
0.183400
0.182433
0.181788
0.182755
0.182755
0.182110
0.182110
0.183078
0.183723
0.183078
0.183078
0.184045
0.184368
0.184368
0.184368
0.184368
0.185335
0.185658
0.183723
0.184045
0.184368
0.184690
0.184690
0.184368
0.184690
0.185013
0.185013
0.184368
0.185335
0.185658
0.185980
0.185658
0.183723
0.186302
0.185658
0.185658
0.185335
0.185980
0.186302
0.185980
0.185980
0.185980
0.186302
0.186302
0.186302
0.185335
0.186302
0.186625
0.185658
0.186947
0.187270
0.186947
0.187270
0.186302
0.186625
0.187592
0.186302
0.185980
0.185658
0.186302
0.186302
0.185980
0.186302
0.186625
0.186302
0.185335
0.186625
0.186302
0.185980
0.186302
0.187592
0.186947
0.186947
0.185980
0.186302
0.186302
0.187592
0.186302
0.185335
0.187270
0.186947
0.190172
0.185980
0.185658
0.185335
0.186302
0.185335
0.185013
0.185335
0.185335
0.185013
0.180498
0.184368
0.186625
0.185658
0.185980
0.185335
0.187270
0.185980
0.185335
0.185013
0.186302
0.187592
0.186302
0.185980
0.185980
0.186947
0.185980
0.186625
0.185980
0.185980
0.186625
0.186302
0.186625
0.186947
0.185980
0.186302
0.186947
0.186302
0.186625
0.185980
0.186302
0.187270
0.186302
0.185658
0.186302
0.186625
0.186302
0.185658
0.186302
0.186302
0.185980
0.185658
0.185658
0.185980
0.186947
0.186302
0.185013
0.185980
0.185658
0.185335
0.184368
0.185335
0.185013
0.184690
0.184368
0.185013
0.185013
0.185013
0.183723
0.184045
0.184045
0.185013
0.184690
0.183078
0.183723
0.184368
0.184045
0.183400
0.184368
0.183400
0.184368
0.183723
0.183078
0.183400
0.184045
0.182755
0.182433
0.182755
0.184690
0.183400
0.182433
0.182755
0.183400
0.183400
0.183723
0.183723
0.183723
0.180498
0.184368
0.184368
0.183723
0.185980
0.184690
0.183723
0.184368
0.184690
0.184690
0.185013
0.189205
0.185980
0.185013
0.185658
0.186302
0.185980
0.186302
0.185335
0.186625
0.186302
0.184045
0.185335
0.186947
0.186302
0.186302
0.185335
0.185980
0.185980
0.186947
0.185980
0.185658
0.188560
0.186625
0.186625
0.185658
0.185980
0.186947
0.186625
0.185658
0.186302
0.186625
0.186302
0.185658
0.185658
0.186302
0.187592
0.186625
0.186302
0.187270
0.187592
0.187270
0.186625
0.186302
0.186947
0.186302
0.186302
0.186947
0.186947
0.187592
0.186302
0.185658
0.187270
0.186625
0.185980
0.187270
0.186302
0.186625
0.186302
0.186947
0.186625
0.186947
0.185658
0.186302
0.186947
0.186302
0.184690
0.185980
0.185335
0.187592
0.185658
0.185658
0.186302
0.186947
0.186625
0.186302
0.186302
0.186625
0.187270
0.186302
0.186302
0.186302
0.187270
0.185980
0.185980
0.186625
0.186947
