Samp. Freq.(Hz)   Sample#   Pulse Length (ms)
10000.000000	10000.000000	150.000000
	
Voltage(V) 
0.199201
0.200169
0.199846
0.199846
0.199846
0.200491
0.201459
0.198879
0.200491
0.200169
0.203394
0.201781
0.200814
0.202426
0.203071
0.201459
0.201136
0.201781
0.202749
0.202426
0.201781
0.202426
0.202749
0.203716
0.202104
0.202104
0.203716
0.203071
0.204039
0.203716
0.203716
0.205006
0.199846
0.203071
0.203394
0.203394
0.203071
0.202426
0.202426
0.202749
0.202749
0.202749
0.202426
0.203071
0.205006
0.202749
0.202749
0.202104
0.202426
0.201781
0.201781
0.201781
0.201781
0.201781
0.201136
0.205651
0.201459
0.201136
0.201136
0.200814
0.200491
0.199846
0.199201
0.198879
0.199201
0.198879
0.198879
0.198234
0.198557
0.200169
0.200169
0.199846
0.200814
0.200169
0.199524
0.200491
0.200169
0.201781
0.200814
0.200814
0.201136
0.200169
0.200491
0.201781
0.199524
0.202749
0.201136
0.201136
0.200491
0.201781
0.201781
0.202104
0.201781
0.202749
0.202749
0.202426
0.202749
0.204039
0.203716
0.202426
0.203716
0.203716
0.203394
0.204039
0.204361
0.203394
0.202749
0.204039
0.203716
0.204361
0.202426
0.203716
0.203716
0.203071
0.202426
0.202426
0.201781
0.202426
0.202104
0.202749
0.201781
0.202426
0.200491
0.200814
0.200814
0.200814
0.200491
0.200491
0.199524
0.199201
0.200491
0.198879
0.198557
0.199524
0.197589
0.197912
0.198557
0.196622
0.198879
0.197267
0.196299
0.196622
0.196944
0.195977
0.196622
0.195977
0.195009
0.195654
0.193719
0.194364
0.195332
0.193719
0.194687
0.196299
0.196299
0.196944
0.197589
0.197589
0.198234
0.199201
0.198557
0.197589
0.198234
0.198557
0.198557
0.198234
0.198879
0.199524
0.200491
0.200814
0.200491
0.203716
0.200814
0.200814
0.200814
0.201136
0.202104
0.202426
0.202104
0.202749
0.202749
0.202749
0.203716
0.203716
0.203716
0.203716
0.203716
0.202749
0.204361
0.205006
0.202426
0.204684
0.205328
0.205973
0.205006
0.205651
0.207263
0.206618
0.207586
0.206618
0.207263
0.207586
0.208231
0.205973
0.207263
0.207908
0.207586
0.207908
0.207586
0.207586
0.209198
0.207586
0.208231
0.207586
0.206296
0.201136
0.193719
0.184690
0.178241
0.171469
0.164697
0.158570
0.152443
0.146961
0.143091
0.136319
0.132127
0.128580
0.124710
0.119550
0.116003
0.112456
0.109876
0.105684
0.103427
0.100524
0.099235
0.095365
0.094075
0.091495
0.088593
0.088270
0.086336
0.083433
0.084723
0.081498
0.079886
0.078274
0.078596
0.076016
0.075371
0.073759
0.073759
0.072469
0.072147
0.069889
0.070212
0.069567
0.069889
0.067632
0.067632
0.067310
0.065375
0.066020
0.065375
0.064085
0.065697
0.064085
0.063762
0.064085
0.063762
0.063117
0.063440
0.062150
0.062473
0.063117
0.061505
0.061505
0.062150
0.060860
0.061183
0.059893
0.060538
0.060215
0.060860
0.060860
0.060860
0.059570
0.059570
0.059570
0.059893
0.059248
0.059570
0.058925
0.059893
0.058925
0.060860
0.059893
0.059248
0.059893
0.059248
0.059570
0.059248
0.059248
0.059248
0.058925
0.058280
0.058925
0.058280
0.058925
0.058603
0.058925
0.058603
0.059248
0.058925
0.058925
0.058603
0.059248
0.059893
0.058925
0.058280
0.059248
0.058280
0.058603
0.058280
0.058925
0.058280
0.058925
0.058280
0.058603
0.058280
0.059248
0.058280
0.058280
0.057958
0.058280
0.058603
0.057958
0.057313
0.058280
0.057958
0.058603
0.058280
0.058280
0.058280
0.059570
0.059248
0.058280
0.058280
0.058925
0.056668
0.058603
0.056990
0.058280
0.057958
0.059248
0.058603
0.058280
0.058603
0.058603
0.058280
0.058925
0.057635
0.056990
0.059893
0.058280
0.058280
0.057635
0.058280
0.058603
0.058925
0.058280
0.058925
0.059248
0.058603
0.059570
0.057635
0.058280
0.059570
0.058925
0.058280
0.058925
0.058280
0.058925
0.058603
0.058280
0.058925
0.059248
0.058925
0.058280
0.059248
0.057635
0.059570
0.058280
0.059248
0.058280
0.058280
0.058603
0.058603
0.058280
0.059248
0.058280
0.060215
0.057958
0.058925
0.058280
0.058280
0.058603
0.059248
0.059248
0.058603
0.059248
0.058925
0.057958
0.057958
0.058925
0.059248
0.058280
0.057313
0.058603
0.059248
0.057958
0.058280
0.058603
0.058280
0.058280
0.058925
0.058280
0.058280
0.059248
0.058280
0.057958
0.058603
0.057313
0.059248
0.057958
0.056990
0.058280
0.058280
0.058280
0.058280
0.058280
0.058603
0.059570
0.058280
0.058280
0.059248
0.058603
0.058280
0.058925
0.058280
0.057635
0.058925
0.057313
0.058925
0.058603
0.056668
0.058280
0.059248
0.058280
0.058925
0.057635
0.058603
0.058603
0.058925
0.057958
0.057635
0.058925
0.058280
0.057313
0.058280
0.058603
0.058603
0.058925
0.058603
0.058280
0.059570
0.059248
0.058603
0.058925
0.058925
0.058603
0.058925
0.057958
0.058280
0.059570
0.059248
0.058280
0.059248
0.058280
0.058603
0.059248
0.057635
0.058925
0.058280
0.058603
0.057635
0.057958
0.057313
0.059248
0.058603
0.057958
0.057635
0.058280
0.057958
0.058603
0.057313
0.059248
0.056668
0.056990
0.057635
0.058280
0.057958
0.058280
0.058603
0.058603
0.058280
0.057958
0.058925
0.058603
0.057958
0.057958
0.057958
0.058280
0.058280
0.058280
0.057635
0.057958
0.058280
0.058280
0.057635
0.058603
0.058925
0.057958
0.057313
0.058925
0.057635
0.058280
0.057313
0.058603
0.057635
0.057958
0.058603
0.058280
0.058603
0.058603
0.058280
0.058925
0.058280
0.057313
0.058280
0.058603
0.057635
0.058280
0.057313
0.057958
0.058280
0.057635
0.057958
0.058280
0.056668
0.058925
0.057635
0.058280
0.057958
0.058603
0.057635
0.058280
0.058280
0.057958
0.058280
0.058280
0.057635
0.057635
0.058603
0.058280
0.058925
0.057635
0.058280
0.058603
0.057635
0.057958
0.058280
0.057958
0.058603
0.057958
0.057958
0.057958
0.057635
0.058280
0.057958
0.057958
0.058603
0.058280
0.057958
0.057635
0.058280
0.057313
0.058280
0.056990
0.057958
0.058280
0.057958
0.057313
0.058280
0.057958
0.058280
0.058280
0.056990
0.058280
0.058280
0.056668
0.057635
0.058280
0.056668
0.056668
0.057313
0.058280
0.058603
0.056668
0.056990
0.058603
0.057313
0.056990
0.057313
0.056990
0.058280
0.057958
0.056990
0.057635
0.058280
0.057313
0.058280
0.057313
0.057635
0.058603
0.058280
0.057313
0.057958
0.057313
0.058280
0.057958
0.057635
0.057313
0.057635
0.058603
0.057313
0.057635
0.058280
0.058280
0.057635
0.058280
0.058280
0.058280
0.058603
0.056346
0.058603
0.058280
0.058603
0.057313
0.057313
0.058280
0.058280
0.058280
0.057635
0.058280
0.058603
0.056023
0.059570
0.057313
0.058280
0.058603
0.056990
0.058925
0.058280
0.056990
0.057958
0.059248
0.057958
0.058603
0.056990
0.057313
0.058280
0.057313
0.056990
0.056668
0.057958
0.058280
0.057635
0.057313
0.057635
0.057958
0.057635
0.057635
0.057313
0.058280
0.057635
0.057313
0.056668
0.057635
0.057635
0.058925
0.056990
0.057958
0.058603
0.058925
0.057313
0.058280
0.058603
0.058603
0.057635
0.057313
0.057313
0.058603
0.057313
0.057958
0.057313
0.058280
0.057958
0.056346
0.058603
0.057958
0.057958
0.056668
0.057635
0.058925
0.056990
0.057958
0.057313
0.057313
0.057313
0.057313
0.056990
0.057635
0.058603
0.057635
0.057313
0.058280
0.058280
0.057635
0.057313
0.057635
0.057958
0.058603
0.057635
0.057635
0.058280
0.058280
0.058603
0.057635
0.057635
0.058280
0.058925
0.057313
0.057635
0.058925
0.058280
0.058280
0.057635
0.058603
0.058280
0.058280
0.057313
0.057958
0.058925
0.058603
0.056990
0.057958
0.058280
0.058925
0.056023
0.058603
0.057313
0.060538
0.056346
0.057635
0.058280
0.058280
0.057635
0.057313
0.057958
0.058280
0.058603
0.057635
0.057313
0.058280
0.058603
0.057635
0.056668
0.057958
0.058603
0.057958
0.056990
0.057635
0.058603
0.058603
0.058603
0.058280
0.058280
0.059248
0.057958
0.056668
0.057958
0.058603
0.058603
0.057958
0.057635
0.058603
0.059248
0.056668
0.057958
0.057958
0.057958
0.058280
0.057313
0.057313
0.059248
0.058603
0.057635
0.058280
0.058280
0.058280
0.057958
0.058280
0.058925
0.057635
0.059893
0.057958
0.058280
0.058280
0.058603
0.058280
0.058603
0.057958
0.058280
0.056990
0.058280
0.058603
0.058925
0.056990
0.057958
0.058280
0.058280
0.056990
0.057313
0.058280
0.059570
0.058925
0.057958
0.058603
0.058925
0.058925
0.057635
0.057635
0.058925
0.059570
0.058280
0.057635
0.058603
0.059248
0.058280
0.057313
0.058603
0.058925
0.059248
0.057313
0.058280
0.058603
0.058925
0.057635
0.058603
0.058280
0.059248
0.058925
0.057958
0.058603
0.059570
0.057635
0.059893
0.056990
0.057635
0.058925
0.057313
0.057313
0.058603
0.058280
0.056990
0.057313
0.059248
0.057958
0.058280
0.056990
0.057635
0.058603
0.058603
0.057635
0.057313
0.058280
0.058280
0.057958
0.056990
0.058280
0.059248
0.058603
0.056990
0.057635
0.058280
0.058280
0.057958
0.057958
0.057313
0.059248
0.057635
0.057635
0.057958
0.059248
0.058280
0.057313
0.057635
0.058280
0.058603
0.057635
0.057313
0.059248
0.058280
0.057635
0.057635
0.058280
0.057958
0.058280
0.058280
0.056990
0.060860
0.058603
0.058280
0.058603
0.058280
0.059248
0.056990
0.057635
0.058603
0.059570
0.057958
0.058280
0.059248
0.058603
0.058280
0.058280
0.057958
0.059570
0.059248
0.057635
0.057635
0.058280
0.058280
0.058603
0.057635
0.058925
0.058925
0.058280
0.057313
0.058925
0.058925
0.058603
0.058280
0.058280
0.058280
0.058925
0.057958
0.058925
0.058603
0.058603
0.058603
0.058280
0.057958
0.058280
0.058280
0.057635
0.058603
0.058280
0.058925
0.058603
0.057635
0.059248
0.056668
0.059893
0.058280
0.057958
0.058280
0.057313
0.056990
0.057958
0.057958
0.057635
0.057313
0.058280
0.058603
0.058603
0.057635
0.057313
0.058280
0.058280
0.057635
0.057313
0.058280
0.057635
0.058280
0.056990
0.058603
0.058603
0.057958
0.057635
0.058280
0.058603
0.058925
0.058603
0.056990
0.057635
0.058925
0.057635
0.057958
0.058280
0.058925
0.058280
0.058280
0.057313
0.058925
0.058603
0.058603
0.058280
0.058925
0.057958
0.058925
0.058280
0.057958
0.058280
0.060215
0.057958
0.060538
0.059570
0.059248
0.058925
0.058280
0.058925
0.058925
0.058280
0.058603
0.058603
0.058925
0.058280
0.058925
0.058925
0.058925
0.058603
0.058603
0.058925
0.058280
0.058925
0.058280
0.058603
0.058280
0.058925
0.058280
0.057958
0.058603
0.059248
0.058280
0.058280
0.058603
0.057958
0.059570
0.058925
0.057958
0.058925
0.058280
0.057313
0.058925
0.058280
0.058925
0.058603
0.058280
0.057635
0.057958
0.058280
0.058603
0.058925
0.057958
0.058280
0.058925
0.058280
0.058603
0.056023
0.058280
0.058603
0.058280
0.057958
0.057313
0.057958
0.058280
0.058280
0.057635
0.058280
0.058280
0.058603
0.057313
0.057958
0.058603
0.058603
0.057313
0.058925
0.057313
0.057635
0.058280
0.058280
0.057313
0.058603
0.058280
0.058925
0.058280
0.058925
0.058280
0.059248
0.058280
0.057635
0.057958
0.058925
0.058280
0.058925
0.058603
0.058603
0.058925
0.058280
0.057958
0.059248
0.059248
0.058925
0.058280
0.058603
0.058603
0.058280
0.057958
0.058603
0.058603
0.057635
0.060215
0.058603
0.058280
0.058925
0.058925
0.058925
0.057635
0.058603
0.058603
0.057635
0.058280
0.059248
0.058280
0.057958
0.058280
0.059248
0.058280
0.057635
0.058280
0.058603
0.057635
0.058280
0.058280
0.057958
0.058280
0.058603
0.057635
0.058603
0.059893
0.057958
0.058280
0.058280
0.057958
0.058280
0.057958
0.056668
0.058280
0.057958
0.057635
0.058280
0.057313
0.058280
0.058603
0.057958
0.057313
0.058925
0.057635
0.057958
0.058603
0.056990
0.057635
0.058925
0.056346
0.059248
0.058280
0.057958
0.058280
0.057635
0.058280
0.058280
0.058603
0.057958
0.057958
0.057958
0.058280
0.058603
0.059248
0.058925
0.058280
0.058603
0.058280
0.058280
0.058280
0.058280
0.057313
0.058603
0.058280
0.057958
0.057958
0.057313
0.058603
0.058925
0.057635
0.058280
0.058925
0.058280
0.057635
0.057635
0.058603
0.058603
0.058603
0.057635
0.058603
0.059248
0.058925
0.057958
0.058603
0.057958
0.058280
0.058280
0.057635
0.058280
0.058603
0.057313
0.058925
0.058280
0.056668
0.058603
0.058925
0.058603
0.058925
0.058603
0.058280
0.058603
0.058603
0.056990
0.058925
0.057313
0.057958
0.057635
0.058603
0.058280
0.058280
0.058280
0.057958
0.058280
0.057958
0.057958
0.057313
0.057958
0.058603
0.057635
0.057958
0.058280
0.057635
0.057958
0.056990
0.058280
0.057635
0.058280
0.057635
0.058603
0.057635
0.057635
0.057958
0.057635
0.057958
0.057635
0.057313
0.057958
0.057958
0.057958
0.058280
0.058603
0.057635
0.058603
0.057958
0.056346
0.059893
0.057958
0.057635
0.058925
0.057313
0.059248
0.058280
0.057635
0.056990
0.059570
0.058280
0.058925
0.057635
0.057958
0.058280
0.057635
0.056990
0.058603
0.059248
0.058603
0.057635
0.058280
0.058925
0.058603
0.057958
0.057958
0.057958
0.058603
0.058280
0.058603
0.058280
0.058925
0.058280
0.057958
0.058280
0.058925
0.058280
0.057958
0.058280
0.057958
0.057958
0.057635
0.057958
0.058603
0.058603
0.058280
0.057635
0.058925
0.058603
0.057958
0.056990
0.059248
0.057313
0.058925
0.058603
0.057635
0.058603
0.057635
0.057313
0.057958
0.058603
0.059248
0.057635
0.056668
0.057635
0.059570
0.056346
0.056990
0.058280
0.058280
0.057635
0.057635
0.057313
0.058280
0.057958
0.057313
0.057958
0.058280
0.057635
0.057958
0.056990
0.057313
0.058925
0.057635
0.057313
0.057635
0.058603
0.057958
0.057635
0.056668
0.058280
0.058280
0.057635
0.058280
0.059248
0.058603
0.058280
0.056990
0.058603
0.058603
0.057958
0.057635
0.058280
0.058280
0.059570
0.055056
0.058925
0.058925
0.059248
0.058280
0.058280
0.058280
0.059248
0.058280
0.058280
0.057958
0.059248
0.058603
0.058603
0.057958
0.059248
0.058925
0.058280
0.058280
0.058603
0.057958
0.058925
0.057635
0.057635
0.058925
0.060215
0.057635
0.058603
0.058280
0.058603
0.057958
0.058603
0.057635
0.058925
0.058280
0.057958
0.058280
0.059248
0.058603
0.058280
0.058603
0.059248
0.059248
0.057635
0.057958
0.058603
0.059570
0.057635
0.057313
0.059248
0.058280
0.057313
0.057958
0.056668
0.059893
0.058603
0.057313
0.057958
0.058925
0.058603
0.056990
0.058280
0.058925
0.059570
0.057958
0.057313
0.058280
0.059570
0.058603
0.057313
0.058280
0.058280
0.059248
0.057313
0.056990
0.058280
0.058925
0.058280
0.058280
0.058925
0.058925
0.058603
0.057958
0.057635
0.058925
0.057958
0.057635
0.058280
0.058925
0.058280
0.058280
0.057958
0.058280
0.058603
0.057313
0.057635
0.059248
0.058603
0.058925
0.057958
0.058925
0.058603
0.058280
0.059248
0.058603
0.059248
0.058925
0.056990
0.057635
0.057958
0.057635
0.058280
0.057958
0.058603
0.059248
0.058280
0.058280
0.057958
0.059248
0.058603
0.057635
0.056990
0.057958
0.058280
0.057313
0.057958
0.058603
0.059248
0.058603
0.058603
0.058925
0.058603
0.059570
0.057958
0.057958
0.058603
0.058925
0.057958
0.057958
0.058280
0.059248
0.058280
0.056990
0.057635
0.058925
0.056990
0.057635
0.057635
0.058603
0.057635
0.057313
0.058280
0.058603
0.058603
0.057313
0.057958
0.058925
0.058280
0.058280
0.057313
0.056668
0.058280
0.057635
0.057313
0.056990
0.057958
0.057635
0.057313
0.057635
0.058925
0.058925
0.057958
0.057313
0.058280
0.058925
0.058280
0.057958
0.057313
0.057635
0.058925
0.057313
0.057958
0.057958
0.059248
0.057313
0.058603
0.058603
0.057635
0.058280
0.057313
0.057958
0.058280
0.057313
0.057958
0.058603
0.058603
0.058603
0.058280
0.058603
0.058280
0.058280
0.058280
0.058280
0.058280
0.058603
0.058925
0.058280
0.058925
0.058603
0.057958
0.058925
0.057958
0.059893
0.059248
0.057313
0.058280
0.058280
0.058280
0.057958
0.058280
0.057958
0.058603
0.057635
0.057958
0.057313
0.058925
0.059248
0.057958
0.057313
0.058603
0.058925
0.057958
0.057958
0.058603
0.057958
0.058603
0.057958
0.057958
0.058280
0.058603
0.057313
0.057958
0.057313
0.057635
0.058280
0.056990
0.057313
0.058280
0.057635
0.056668
0.058280
0.058280
0.057313
0.057958
0.057635
0.057635
0.058280
0.057635
0.057635
0.058603
0.057958
0.057958
0.057313
0.058925
0.056346
0.059248
0.057635
0.058925
0.057635
0.057635
0.057958
0.057635
0.058603
0.058280
0.058280
0.057313
0.058603
0.058280
0.057313
0.056668
0.058280
0.056668
0.066987
0.073114
0.079564
0.084401
0.090850
0.094720
0.098590
0.103104
0.108264
0.110844
0.113423
0.115358
0.120840
0.124388
0.126322
0.129225
0.132127
0.133417
0.135997
0.137286
0.138899
0.141801
0.144381
0.145026
0.146961
0.148251
0.148573
0.149863
0.152765
0.153410
0.154055
0.152765
0.155345
0.155345
0.158570
0.155990
0.159537
0.160182
0.160182
0.160182
0.160182
0.161150
0.161794
0.160182
0.161794
0.162117
0.163407
0.163084
0.162762
0.162762
0.164697
0.164374
0.163084
0.164374
0.165019
0.164697
0.165987
0.164697
0.165342
0.165342
0.166309
0.165664
0.166309
0.166309
0.166309
0.166309
0.165664
0.164052
0.165664
0.165987
0.166954
0.167277
0.166632
0.166309
0.166954
0.167277
0.167277
0.166954
0.165987
0.171469
0.167277
0.166632
0.165342
0.166309
0.167277
0.166632
0.165987
0.166954
0.166954
0.165987
0.166954
0.165664
0.166632
0.166954
0.166309
0.167277
0.166309
0.166632
0.166632
0.167277
0.165664
0.166954
0.167921
0.166954
0.165987
0.167277
0.166309
0.167599
0.166954
0.165664
0.165342
0.167277
0.164374
0.165987
0.165987
0.166309
0.165664
0.165987
0.164697
0.165987
0.165664
0.165664
0.164697
0.166309
0.165019
0.165019
0.164374
0.165342
0.165342
0.164697
0.164374
0.165342
0.165342
0.166632
0.165019
0.168566
0.165342
0.166632
0.163729
0.165019
0.166632
0.164052
0.166632
0.166632
0.165019
0.165987
0.165987
0.166632
0.165019
0.166309
0.165664
0.165342
0.165987
0.165987
0.166309
0.166632
0.165019
0.166632
0.165664
0.166632
0.165019
0.166309
0.166954
0.166954
0.165664
0.166309
0.166632
0.166954
0.166632
0.166632
0.166309
0.167599
0.166632
0.165342
0.165987
0.166954
0.166632
0.165987
0.167277
0.166632
0.166632
0.167277
0.166632
0.166954
0.167921
0.165987
0.167277
0.167277
0.167277
0.165664
0.167277
0.166954
0.166309
0.166954
0.167599
0.165019
0.167599
0.167277
0.166632
0.166632
0.166632
0.166954
0.167277
0.165987
0.167277
0.165987
0.167921
0.165987
0.166632
0.166309
0.168244
0.165664
0.166632
0.166309
0.169211
0.165664
0.166632
0.165019
0.166954
0.166632
0.165987
0.165664
0.168566
0.167277
0.166309
0.163084
0.166954
0.166954
0.167921
0.167277
0.166632
0.167277
0.167599
0.165987
0.166954
0.166954
0.166954
0.163084
0.167921
0.167599
0.166954
0.167921
0.166954
0.167277
0.168244
0.166954
0.167277
0.167277
0.167921
0.168889
0.167599
0.167921
0.167921
0.168244
0.169211
0.168566
0.168244
0.167921
0.168889
0.167599
0.167921
0.167921
0.168244
0.167921
0.168244
0.168244
0.168566
0.168566
0.167277
0.168244
0.169211
0.167921
0.167599
0.168566
0.168566
0.168244
0.168566
0.168244
0.167921
0.169534
0.169534
0.167921
0.168244
0.169534
0.169211
0.168244
0.168889
0.168889
0.168566
0.168566
0.168566
0.168566
0.168244
0.170179
0.168244
0.167599
0.169211
0.169534
0.167599
0.169211
0.168244
0.168566
0.169856
0.169211
0.168566
0.169534
0.169534
0.168889
0.168244
0.170501
0.169856
0.169211
0.168889
0.168244
0.169534
0.168566
0.171469
0.170179
0.169534
0.169856
0.169211
0.169856
0.169534
0.170824
0.169211
0.170501
0.170824
0.169534
0.168889
0.170501
0.169856
0.170501
0.170179
0.170179
0.169856
0.171146
0.170501
0.169856
0.169211
0.171791
0.171469
0.170824
0.169534
0.171146
0.171469
0.169856
0.171146
0.171146
0.169856
0.170179
0.170179
0.170501
0.170179
0.170501
0.171791
0.168889
0.169534
0.171469
0.170179
0.168889
0.170501
0.171146
0.170501
0.170501
0.169856
0.170824
0.169534
0.170501
0.170824
0.170501
0.170179
0.170179
0.169856
0.170179
0.171469
0.170179
0.170501
0.170824
0.170501
0.171146
0.170501
0.170179
0.171146
0.173726
0.170179
0.170179
0.171469
0.170824
0.171146
0.170824
0.171469
0.172114
0.171146
0.169856
0.167921
0.171469
0.172436
0.171146
0.171791
0.170501
0.172436
0.171791
0.170179
0.171791
0.171146
0.171146
0.176628
0.168889
0.171791
0.172436
0.171469
0.170824
0.171791
0.171469
0.171469
0.170824
0.171146
0.169856
0.171146
0.171469
0.172114
0.171469
0.171469
0.171469
0.171791
0.172114
0.172759
0.171146
0.172436
0.171791
0.172759
0.172114
0.170824
0.171791
0.173081
0.171469
0.171791
0.171791
0.172759
0.171791
0.172114
0.172114
0.172759
0.174048
0.171791
0.171469
0.172436
0.172436
0.171791
0.172114
0.172114
0.171469
0.172759
0.171791
0.172114
0.170179
0.173081
0.171146
0.170179
0.170179
0.173404
0.170501
0.170824
0.171146
0.170824
0.170179
0.171791
0.168889
0.171146
0.170501
0.171469
0.170179
0.171469
0.170824
0.172114
0.170179
0.171469
0.170824
0.171791
0.170179
0.172114
0.170501
0.171791
0.172114
0.176951
0.171791
0.171791
0.171146
0.171791
0.171146
0.171146
0.171791
0.171791
0.171791
0.172114
0.170179
0.170824
0.171469
0.171791
0.171791
0.172114
0.172114
0.171146
0.172436
0.172114
0.171146
0.172114
0.171469
0.172759
0.172436
0.172436
0.170501
0.174693
0.173404
0.171469
0.171791
0.172114
0.171791
0.171146
0.170824
0.171791
0.172114
0.171469
0.171791
0.172114
0.172114
0.171791
0.171469
0.172436
0.171469
0.172114
0.171146
0.171146
0.172114
0.171791
0.170501
0.171791
0.171791
0.171791
0.172114
0.171791
0.171791
0.171791
0.170824
0.170824
0.171146
0.170501
0.169856
0.169856
0.170179
0.170501
0.171146
0.170179
0.171146
0.171469
0.172759
0.170824
0.171791
0.171146
0.172436
0.170179
0.171469
0.170179
0.172114
0.170824
0.173404
0.169856
0.172114
0.172114
0.172114
0.171146
0.171146
0.170501
0.171469
0.170824
0.171146
0.170501
0.171791
0.171791
0.170824
0.170179
0.172436
0.170824
0.171791
0.171469
0.176628
0.172436
0.172114
0.171791
0.172759
0.172114
0.170824
0.171469
0.172759
0.172114
0.172114
0.170824
0.172114
0.173726
0.172114
0.172114
0.173726
0.172436
0.171469
0.171791
0.172114
0.172759
0.173081
0.168889
0.172759
0.172759
0.172759
0.170501
0.171469
0.171469
0.172114
0.172436
0.172114
0.170824
0.173404
0.172114
0.171146
0.171469
0.172759
0.172759
0.171469
0.170501
0.170824
0.172114
0.172114
0.170501
0.172114
0.171469
0.171146
0.171469
0.170824
0.171146
0.171469
0.170179
0.170501
0.171146
0.171791
0.170824
0.171791
0.171791
0.172114
0.171791
0.169211
0.171469
0.173081
0.172114
0.170824
0.171791
0.172436
0.172759
0.172436
0.171791
0.171791
0.173081
0.172436
0.172436
0.172436
0.173081
0.173081
0.172114
0.172114
0.172114
0.173081
0.171791
0.171469
0.173726
0.171791
0.173726
0.172114
0.173081
0.173726
0.173404
0.172436
0.172436
0.173404
0.174048
0.172759
0.172759
0.172759
0.173081
0.174048
0.172759
0.173081
0.173081
0.172759
0.172759
0.171791
0.172759
0.172759
0.172436
0.171791
0.172114
0.171469
0.175661
0.172114
0.172436
0.171791
0.172436
0.171146
0.171791
0.171791
0.172759
0.171791
0.170824
0.172759
0.171791
0.172436
0.170824
0.170824
0.171791
0.171469
0.170179
0.170501
0.171469
0.172114
0.172114
0.171146
0.172114
0.172114
0.170824
0.171146
0.171791
0.172114
0.172114
0.171791
0.170179
0.171469
0.173081
0.170824
0.171791
0.172436
0.171469
0.171791
0.171791
0.170501
0.171791
0.172436
0.170501
0.170501
0.171146
0.171469
0.172114
0.169856
0.171791
0.172436
0.172114
0.172114
0.171469
0.172436
0.172759
0.173081
0.171791
0.172436
0.173081
0.172759
0.171791
0.172114
0.172114
0.172436
0.171791
0.172436
0.171791
0.172436
0.171469
0.173081
0.172114
0.172114
0.172436
0.171146
0.170824
0.173404
0.173404
0.173404
0.171469
0.172759
0.171791
0.171791
0.170824
0.172114
0.172114
0.172114
0.171791
0.167277
0.172114
0.172114
0.171146
0.171469
0.170501
0.172114
0.171469
0.170824
0.170501
0.169856
0.170501
0.175016
0.170824
0.170501
0.172759
0.170824
0.170501
0.170501
0.171791
0.170824
0.170179
0.171146
0.169856
0.171146
0.170824
0.170501
0.171469
0.171146
0.169856
0.170824
0.170501
0.171791
0.170824
0.171146
0.170179
0.171791
0.171146
0.171469
0.171146
0.171146
0.171469
0.170501
0.172436
0.171469
0.171469
0.171146
0.170824
0.171469
0.171146
0.170501
0.170501
0.171791
0.171146
0.171146
0.170501
0.171146
0.171469
0.171146
0.172114
0.171146
0.171469
0.172436
0.171791
0.170501
0.170501
0.170824
0.171146
0.170824
0.171146
0.170179
0.170824
0.170501
0.171146
0.170179
0.170824
0.171146
0.170501
0.169534
0.171791
0.170179
0.170179
0.170824
0.170501
0.170501
0.170501
0.170501
0.171469
0.170501
0.170179
0.173404
0.170824
0.170179
0.170501
0.170824
0.168889
0.172759
0.170501
0.170501
0.171146
0.169534
0.170501
0.170179
0.170824
0.171146
0.170179
0.170179
0.170501
0.170501
0.170179
0.171146
0.169856
0.170501
0.174693
0.169856
0.169856
0.171146
0.171469
0.169856
0.170824
0.170179
0.170501
0.170501
0.170501
0.166632
0.170824
0.169856
0.170824
0.169534
0.170179
0.170501
0.170179
0.170501
0.169856
0.170501
0.170501
0.170501
0.171146
0.169856
0.170824
0.170179
0.170824
0.171146
0.170824
0.170824
0.169534
0.170501
0.172436
0.168889
0.172114
0.170501
0.170824
0.171146
0.169856
0.170501
0.171146
0.170179
0.170824
0.170824
0.170179
0.170824
0.170824
0.170501
0.169534
0.170179
0.170179
0.170179
0.169534
0.170179
0.170501
0.169856
0.169211
0.169856
0.169856
0.169856
0.169211
0.168566
0.169534
0.169856
0.168889
0.169211
0.170501
0.170501
0.170824
0.170824
0.170179
0.169856
0.171469
0.170824
0.169534
0.169211
0.172436
0.172114
0.170501
0.170501
0.169856
0.171146
0.170179
0.170501
0.170501
0.169856
0.171791
0.171146
0.169211
0.170501
0.170501
0.170501
0.170179
0.171146
0.169534
0.170179
0.170179
0.169856
0.171146
0.174693
0.169534
0.171469
0.171791
0.171146
0.170501
0.171469
0.170501
0.172436
0.170824
0.170824
0.166632
0.171469
0.171791
0.170824
0.170824
0.172436
0.171791
0.171469
0.171146
0.171469
0.171469
0.171146
0.171469
0.172114
0.171791
0.170501
0.171469
0.172436
0.171146
0.172436
0.170824
0.171146
0.171791
0.173081
0.171791
0.170824
0.171791
0.171469
0.172436
0.169856
0.169534
0.170824
0.170824
0.170179
0.171146
0.170501
0.170501
0.172759
0.170824
0.170501
0.171469
0.170179
0.171146
0.170824
0.170501
0.171146
0.171146
0.171469
0.171791
0.171791
0.170179
0.171469
0.172114
0.171469
0.171469
0.169856
0.171791
0.171791
0.171146
0.170824
0.171791
0.170824
0.171791
0.170501
0.170179
0.170179
0.171791
0.174048
0.170501
0.171146
0.170824
0.170824
0.171146
0.170824
0.171146
0.171469
0.170824
0.171469
0.166309
0.171146
0.169211
0.170824
0.170501
0.168889
0.170824
0.168889
0.169856
0.170824
0.170824
0.170501
0.173081
0.169856
0.171146
0.170179
0.169856
0.169856
0.170179
0.170179
0.170179
0.168889
0.169211
0.167921
0.170179
0.168566
0.169534
0.169856
0.169534
0.169534
0.169534
0.169856
0.168889
0.168244
0.170501
0.168889
0.170501
0.169534
0.168889
0.168889
0.169534
0.169211
0.168244
0.169211
0.170501
0.169856
0.169534
0.170179
0.170501
0.169856
0.169856
0.169856
0.168566
0.170501
0.171146
0.169534
0.170179
0.170824
0.168889
0.169211
0.170501
0.169856
0.170179
0.169856
0.169534
0.169534
0.169856
0.170179
0.168889
0.170179
0.169856
0.170501
0.168889
0.169534
0.170501
0.169534
0.168889
0.170179
0.169211
0.170501
0.169534
0.169211
0.168889
0.170501
0.169211
0.169534
0.169856
0.170179
0.170179
0.170179
0.170179
0.169211
0.169534
0.168889
0.169856
0.170501
0.169856
0.169211
0.169211
0.170179
0.170179
0.175016
0.169534
0.170501
0.170179
0.170179
0.169856
0.170179
0.169856
0.169856
0.171146
0.168889
0.169856
0.170179
0.170824
0.170179
0.169534
0.170824
0.170179
0.169534
0.169856
0.169856
0.169856
0.169534
0.173726
0.170824
0.169211
0.170824
0.170824
0.170824
0.171146
0.170824
0.170501
0.171146
0.171791
0.170824
0.170179
0.171146
0.170824
0.171791
0.170179
0.169211
0.171146
0.170501
0.170501
0.170501
0.170501
0.171146
0.171146
0.171146
0.170824
0.170824
0.170179
0.170179
0.170824
0.170501
0.170824
0.169534
0.169534
0.170824
0.171791
0.169856
0.172114
0.167921
0.169856
0.171469
0.171146
0.169856
0.170179
0.169856
0.170179
0.170824
0.170501
0.170179
0.170501
0.170179
0.168566
0.170501
0.170501
0.169534
0.170501
0.170179
0.170179
0.169534
0.169856
0.169534
0.170179
0.169534
0.170501
0.170501
0.170179
0.169211
0.170179
0.170501
0.170179
0.169534
0.168889
0.168566
0.170179
0.170179
0.168889
0.169211
0.171791
0.169534
0.169534
0.169534
0.170501
0.170179
0.169534
0.168889
0.170501
0.169534
0.170501
0.167599
0.169856
0.169534
0.172436
0.168889
0.170824
0.170501
0.170824
0.171146
0.170824
0.169856
0.170824
0.173726
0.170179
0.170824
0.171146
0.170824
0.171146
0.170179
0.170824
0.171146
0.170501
0.171146
0.167277
0.170501
0.170824
0.170179
0.170824
0.170501
0.170179
0.170179
0.170824
0.170824
0.171791
0.171791
0.170501
0.171146
0.171146
0.171146
0.170824
0.171469
0.171146
0.170501
0.169856
0.170179
0.171146
0.171146
0.170179
0.171146
0.170501
0.170824
0.171146
0.170179
0.170824
0.170179
0.169534
0.170824
0.169534
0.168889
0.171469
0.169211
0.169211
0.170501
0.169856
0.170501
0.170179
0.170179
0.169856
0.170501
0.169856
0.170179
0.171146
0.168566
0.168889
0.170179
0.170179
0.170501
0.169856
0.169534
0.169856
0.170501
0.169856
0.170501
0.171146
0.170501
0.170501
0.170501
0.171146
0.171791
0.171469
0.171146
0.170179
0.171146
0.171791
0.171146
0.170824
0.171469
0.170824
0.170824
0.169534
0.170501
0.175983
0.171791
0.170179
0.170824
0.170501
0.171469
0.172114
0.170179
0.171791
0.170179
0.168566
0.169856
0.173081
0.171146
0.171469
0.170501
0.170501
0.171791
0.171791
0.171146
0.171791
0.171146
0.170824
0.168244
0.170501
0.171146
0.171469
0.172114
0.170824
0.171469
0.171791
0.172114
0.171469
0.171146
0.171469
0.171146
0.170824
0.170824
0.171146
0.171791
0.171146
0.170501
0.170179
0.170501
0.171146
0.170501
0.170501
0.170179
0.170824
0.169211
0.170179
0.169534
0.170179
0.170179
0.168889
0.168889
0.169211
0.169534
0.169211
0.168889
0.169211
0.168244
0.169856
0.169211
0.169534
0.169856
0.169856
0.168889
0.169856
0.170501
0.170501
0.169211
0.169856
0.169534
0.169856
0.169534
0.169856
0.170179
0.170501
0.169856
0.169534
0.168889
0.169534
0.170501
0.169856
0.169856
0.169534
0.169856
0.168244
0.169856
0.169534
0.169856
0.169856
0.169534
0.170179
0.170824
0.170179
0.169856
0.170179
0.169856
0.169534
0.170501
0.169211
0.170179
0.171791
0.169856
0.170179
0.169534
0.171146
0.170824
0.170179
0.170179
0.168889
0.170824
0.169856
0.170179
0.171791
0.170501
0.170824
0.169856
0.169856
0.170179
0.171146
0.170179
0.172436
0.170501
0.169856
0.169856
0.170179
0.171146
0.170824
0.169856
0.170179
0.170179
0.169856
0.165664
0.169856
0.170824
0.170179
0.169534
0.168889
0.169534
0.169534
0.169534
0.169211
0.169211
0.168889
0.169856
0.169856
0.169856
0.170501
0.170824
0.169534
0.170179
0.170179
0.170501
0.170824
0.171146
0.169856
0.170501
0.171791
0.170501
0.170179
0.171146
0.171791
0.172114
0.170501
0.169534
0.173081
0.170179
0.171146
0.171146
0.170501
0.171469
0.171469
0.171146
0.171146
0.171791
0.171791
0.171469
0.171469
0.171791
0.171791
0.171791
0.171146
0.171146
0.171469
0.171146
0.171791
0.172114
0.171791
0.170824
0.171146
0.171791
0.171469
0.170824
0.171146
0.171469
0.171469
0.172114
0.170501
0.171146
0.170824
0.171791
0.170824
0.170501
0.170501
0.172114
0.170501
0.170501
0.171146
0.170501
0.170179
0.172114
0.169856
0.170501
0.172114
0.169856
0.169534
0.170824
0.169534
0.170824
0.168566
0.167921
0.166632
0.169211
0.168889
0.168566
0.169211
0.169856
0.169856
0.169534
0.169856
0.169856
0.168889
0.169856
0.173726
0.169534
0.169856
0.168566
0.169534
0.169211
0.170501
0.169534
0.169856
0.169211
0.169856
0.165664
0.169856
0.171469
0.169856
0.170179
0.169856
0.169534
0.170501
0.170824
0.170501
0.170501
0.170179
0.170501
0.170824
0.169856
0.170824
0.171791
0.171146
0.170824
0.170179
0.170824
0.171146
0.170501
0.170824
0.171146
0.171469
0.170179
0.171791
0.170501
0.169534
0.172114
0.171791
0.171146
0.172114
0.172114
0.171469
0.170501
0.171469
0.171469
0.171146
0.170501
0.171469
0.170501
0.170824
0.170501
0.170501
0.171146
0.171146
0.170501
0.171469
0.171469
0.170824
0.170824
0.170179
0.171146
0.170824
0.169211
0.170179
0.170824
0.170501
0.169856
0.169856
0.169211
0.170179
0.169856
0.169534
0.169534
0.170824
0.170501
0.170824
0.169856
0.170179
0.171791
0.169211
0.170179
0.170179
0.171146
0.171791
0.174048
0.168889
0.171146
0.169211
0.171469
0.169534
0.169534
0.169856
0.170824
0.169856
0.170501
0.170824
0.172759
0.170501
0.169534
0.170501
0.171146
0.170501
0.170179
0.170179
0.170824
0.170824
0.170501
0.172436
0.171146
0.171469
0.169856
0.171469
0.171469
0.170824
0.170824
0.170501
0.171791
0.171469
0.171146
0.170179
0.172114
0.170824
0.171469
0.170501
0.171146
0.171146
0.172436
0.170501
0.170501
0.171146
0.171146
0.170824
0.169856
0.169534
0.170501
0.170501
0.170179
0.170179
0.170179
0.171791
0.168244
0.170501
0.170179
0.169856
0.170501
0.169211
0.170501
0.169211
0.170501
0.168566
0.168889
0.169211
0.170179
0.169856
0.169211
0.169534
0.170501
0.169856
0.168889
0.169211
0.169856
0.169856
0.169534
0.169856
0.170501
0.170179
0.169534
0.170179
0.169856
0.170501
0.170501
0.169534
0.169856
0.170501
0.170501
0.170179
0.170179
0.170179
0.171146
0.170824
0.169534
0.170179
0.169856
0.169211
0.168889
0.171146
0.170179
0.170179
0.169534
0.169211
0.169856
0.170501
0.169856
0.167599
0.171146
0.170179
0.172436
0.170179
0.170501
0.171469
0.170501
0.169534
0.169534
0.170179
0.170501
0.169534
0.170179
0.169856
0.171146
0.171469
0.170179
0.171146
0.171469
0.171469
0.169856
0.170501
0.170179
0.170824
0.169856
0.174048
0.170824
0.170824
0.168889
0.170501
0.170179
0.170824
0.170501
0.170501
0.170501
0.170501
0.169534
0.169856
0.170501
0.170501
0.170501
0.169856
0.170179
0.171146
0.170501
0.170501
0.169534
0.170824
0.171469
0.172436
0.170824
0.171791
0.171791
0.170824
0.171469
0.170824
0.170824
0.171791
0.170179
0.170824
0.170501
0.171469
0.171146
0.170179
0.170824
0.171791
0.171469
0.170824
0.171146
0.171146
0.171791
0.171791
0.170179
0.171791
0.171469
0.172114
0.170824
0.171791
0.171469
0.171469
0.170824
0.171146
0.171146
0.170501
0.170501
0.170501
0.170501
0.171146
0.170501
0.170824
0.170824
0.170501
0.171146
0.169856
0.170824
0.170501
0.171469
0.170501
0.169856
0.169856
0.170501
0.171146
0.168889
0.170501
0.170501
0.169856
0.170179
0.168244
0.169856
0.170824
0.169856
0.168889
0.171146
0.169534
0.174693
0.170501
0.169856
0.169534
0.170824
0.168566
0.169856
0.169211
0.170179
0.169211
0.168889
0.169211
0.170824
0.170179
0.169856
0.169856
0.170824
0.170501
0.170501
0.169534
0.170501
0.170179
0.170824
0.172114
0.170824
0.171146
0.171469
0.170179
0.171469
0.170824
0.170501
0.169211
0.171146
0.170501
0.171146
0.170501
0.171791
0.171791
0.170824
0.170501
0.171146
0.171469
0.172436
0.171469
0.171469
0.168889
0.171146
0.171146
0.170501
0.171146
0.171469
0.172114
0.172114
0.171146
0.171791
0.171791
0.171469
0.171469
0.170824
0.170824
0.172436
0.170501
0.171469
0.171469
0.170824
0.170501
0.171469
0.170824
0.171469
0.171791
0.169856
0.171469
0.171469
0.171146
0.170501
0.170824
0.171469
0.170501
0.170824
0.170824
0.170824
0.170501
0.171469
0.170501
0.170824
0.171146
0.171146
0.170179
0.170179
0.170179
0.170824
0.170501
0.169856
0.171146
0.169856
0.170501
0.170179
0.169534
0.172436
0.170824
0.171469
0.172759
0.171146
0.171791
0.171469
0.170824
0.171791
0.172759
0.172114
0.171146
0.171791
0.172114
0.168889
0.172436
0.171469
0.172114
0.171791
0.171791
0.171791
0.171469
0.171791
0.171791
0.170501
0.171469
0.176306
0.172114
0.170824
0.170501
0.171469
0.171791
0.171791
0.171146
0.171146
0.172436
0.172436
0.168889
0.172436
0.172759
0.171791
0.171146
0.171146
0.172436
0.171791
0.172114
0.171791
0.172114
0.172114
0.172759
0.170501
0.171791
0.173081
0.169211
0.171146
0.171791
0.170824
0.171791
0.170501
0.169534
0.170824
0.171146
0.170501
0.170501
0.169534
0.171469
0.171146
0.169211
0.169534
0.171146
0.170501
0.169856
0.169856
0.170179
0.170501
0.170179
0.168889
0.169534
0.171146
0.170501
0.169211
0.168889
0.169211
0.171469
0.169856
0.169534
0.170501
0.170824
0.171146
0.169534
0.170179
0.170501
0.170501
0.170824
0.170179
0.170501
0.170824
0.170501
0.170824
0.169856
0.170824
0.170824
0.171469
0.170824
0.171469
0.172114
0.168889
0.172114
0.173081
0.171469
0.171469
0.171791
0.171469
0.171791
0.170824
0.170501
0.171791
0.172436
0.171791
0.171791
0.171146
0.171469
0.172759
0.171146
0.172114
0.172114
0.172114
0.172114
0.171146
0.171146
0.172436
0.171791
0.171791
0.171469
0.171469
0.172436
0.171469
0.171791
0.173726
0.171791
0.172114
0.171469
0.171469
0.171469
0.172436
0.170824
0.170824
0.171146
0.171791
0.171146
0.170501
0.171469
0.172436
0.171146
0.170824
0.171469
0.170501
0.171146
0.171791
0.169211
0.172114
0.170824
0.169856
0.171469
0.171469
0.170179
0.171791
0.170824
0.171469
0.171791
0.171469
0.169856
0.170501
0.172114
0.171791
0.170824
0.171146
0.170824
0.171791
0.171469
0.171146
0.170824
0.171469
0.171469
0.171146
0.171469
0.171146
0.172114
0.171791
0.171146
0.171469
0.173081
0.171469
0.172114
0.172436
0.172114
0.172759
0.172114
0.172114
0.172436
0.172436
0.172114
0.172759
0.172114
0.172114
0.172759
0.171791
0.172436
0.173081
0.171469
0.172436
0.173726
0.170179
0.174048
0.172114
0.173081
0.171791
0.172114
0.172436
0.172114
0.171791
0.172114
0.171146
0.171791
0.172114
0.171146
0.171791
0.173081
0.171791
0.172436
0.172114
0.170501
0.170824
0.171469
0.170179
0.171146
0.170501
0.170501
0.169211
0.170179
0.169856
0.170179
0.169534
0.170179
0.168244
0.169211
0.168889
0.169534
0.169211
0.170179
0.174048
0.170179
0.170824
0.169856
0.169856
0.170179
0.171146
0.171146
0.170501
0.170501
0.171146
0.169211
0.169856
0.171146
0.170824
0.170501
0.171791
0.171469
0.170824
0.170824
0.170501
0.171791
0.170501
0.171469
0.171469
0.171469
0.171146
0.171146
0.171146
0.171146
0.172114
0.171469
0.172114
0.171146
0.171791
0.171791
0.171146
0.171146
0.171791
0.172436
0.172114
0.172436
0.172436
0.172114
0.172114
0.172759
0.172759
0.172114
0.172114
0.172436
0.172436
0.172436
0.172436
0.172759
0.172759
0.171791
0.173081
0.172114
0.173081
0.172759
0.173081
0.172114
0.173404
0.172114
0.172114
0.173726
0.172114
0.172759
0.173081
0.170824
0.172436
0.172114
0.171791
0.171469
0.171791
0.171469
0.171791
0.171791
0.171469
0.170179
0.171146
0.171146
0.171469
0.170824
0.171469
0.170501
0.171469
0.170824
0.171791
0.175983
0.170501
0.171791
0.171791
0.171791
0.171469
0.171791
0.172114
0.171469
0.171791
0.170501
0.171146
0.172114
0.171791
0.171791
0.171791
0.171791
0.172759
0.171146
0.171791
0.172436
0.172436
0.171469
0.176951
0.171469
0.172114
0.172114
0.172114
0.171791
0.172759
0.172114
0.171791
0.173404
0.169211
0.169856
0.172436
0.171791
0.172436
0.171791
0.172759
0.171791
0.171791
0.172436
0.171791
0.172114
0.171791
0.171469
0.172114
0.171791
0.172114
0.171469
0.171469
0.171146
0.170824
0.170824
0.170824
0.170824
0.170501
0.170824
0.171469
0.170501
0.170179
0.171469
0.170501
0.170824
0.169856
0.170501
0.170501
0.170824
0.170179
0.169856
0.170179
0.170501
0.170824
0.170501
0.170179
0.171469
0.170501
0.169856
0.169856
0.170179
0.170824
0.170501
0.170824
0.171146
0.172436
0.169534
0.170501
0.170501
0.170179
0.172114
0.171791
0.170501
0.171146
0.171469
0.171469
0.170501
0.171469
0.171791
0.171146
0.172114
0.174048
0.172436
0.172114
0.172759
0.171469
0.172759
0.171791
0.172436
0.171791
0.172436
0.172759
0.171469
0.170824
0.172759
0.172759
0.172759
0.172759
0.172759
0.172759
0.174048
0.172759
0.172436
0.172759
0.176306
0.172759
0.171791
0.171469
0.172759
0.172759
0.172436
0.172436
0.173404
0.173404
0.173404
0.171791
0.172436
0.173726
0.174048
0.171469
0.173081
0.172759
0.173404
0.172759
0.172436
0.172759
0.172114
0.173081
0.172759
0.172114
0.173081
0.173726
0.172114
0.172759
0.171469
0.171469
0.172436
0.171469
0.171146
0.172114
0.172114
0.171469
0.172436
0.172759
0.172436
0.173081
0.172114
0.173081
0.171791
0.171791
0.172759
0.172436
0.172114
0.171791
0.171791
0.172759
0.172759
0.173081
0.172436
0.172114
0.172759
0.174048
0.172759
0.173081
0.172436
0.173081
0.173404
0.172114
0.173081
0.172436
0.172436
0.173404
0.171469
0.172114
0.171791
0.173081
0.171146
0.172436
0.173081
0.172759
0.173081
0.172759
0.173081
0.173404
0.172759
0.172759
0.173726
0.173081
0.172436
0.173081
0.172436
0.173081
0.172114
0.172114
0.171791
0.172759
0.171791
0.173081
0.172114
0.172436
0.171791
0.172436
0.172114
0.172436
0.171469
0.174371
0.171146
0.171791
0.171469
0.171791
0.171469
0.173081
0.171791
0.172114
0.172436
0.172114
0.169856
0.171469
0.171469
0.171469
0.171469
0.171146
0.173081
0.170824
0.172436
0.171791
0.171469
0.172114
0.170824
0.172759
0.172436
0.172114
0.170501
0.171469
0.171469
0.171791
0.172114
0.172436
0.172759
0.171791
0.172759
0.172759
0.172759
0.172114
0.173081
0.172436
0.171791
0.171791
0.173081
0.172759
0.172759
0.171791
0.172114
0.172759
0.172436
0.172759
0.172436
0.173081
0.173081
0.172114
0.173081
0.173404
0.172759
0.173081
0.172436
0.172759
0.172436
0.173081
0.172759
0.172436
0.173404
0.172759
0.173726
0.173081
0.173081
0.172436
0.173404
0.173726
0.172436
0.173404
0.173404
0.173726
0.173726
0.172759
0.174371
0.172759
0.173404
0.173726
0.173404
0.173404
0.175016
0.174048
0.173726
0.173081
0.174048
0.174048
0.174048
0.173081
0.173404
0.172436
0.173081
0.171791
0.173081
0.172759
0.173404
0.176951
0.173726
0.172436
0.173081
0.172759
0.173404
0.173726
0.174371
0.172759
0.174371
0.173404
0.173726
0.175661
0.173081
0.173404
0.173081
0.173404
0.173081
0.173726
0.174371
0.173081
0.173081
0.173081
0.174048
0.174371
0.173404
0.171469
0.175016
0.174048
0.173404
0.173404
0.173404
0.174048
0.173404
0.172759
0.173081
0.174371
0.173404
0.172759
0.173404
0.173081
0.173726
0.173081
0.172759
0.174048
0.172436
0.173404
0.173081
0.173081
0.172436
0.172436
0.173081
0.173081
0.173081
0.172759
0.173404
0.172759
0.172759
0.172759
0.172759
0.173404
0.172759
0.172759
0.173081
0.171791
0.172114
0.172436
0.171791
0.172114
0.172114
0.172436
0.172114
0.172114
0.171791
0.173081
0.170824
0.171791
0.171469
0.171791
0.171469
0.173404
0.171791
0.171791
0.171146
0.171791
0.170824
0.171791
0.171791
0.172114
0.172114
0.172114
0.172436
0.172759
0.172759
0.173081
0.173081
0.173081
0.173081
0.172114
0.172114
0.172436
0.173404
0.173081
0.172436
0.173404
0.172436
0.172759
0.173081
0.172759
0.172114
0.172759
0.171791
0.173081
0.173404
0.172436
0.172114
0.173081
0.172759
0.173404
0.172436
0.172759
0.173081
0.172436
0.172436
0.176306
0.173404
0.173404
0.173726
0.172759
0.173404
0.172759
0.174371
0.172114
0.173081
0.173726
0.175016
0.174048
0.173404
0.173726
0.174048
0.173726
0.172759
0.172759
0.173081
0.172759
0.173404
0.173081
0.172759
0.172759
0.173726
0.172436
0.173726
0.173404
0.173404
0.172436
0.173081
0.172759
0.174048
0.173081
0.173726
0.173404
0.172114
0.172114
0.173081
0.173081
0.172759
0.172436
0.172759
0.173081
0.172436
0.173404
0.173081
0.173081
0.173726
0.173726
0.173404
0.172759
0.173404
0.172759
0.173404
0.172436
0.175016
0.173726
0.173081
0.173081
0.174693
0.172114
0.174693
0.172436
0.173081
0.173404
0.173404
0.172759
0.173081
0.173404
0.174048
0.173404
0.173081
0.173081
0.173726
0.172759
0.173404
0.173404
0.174371
0.174048
0.173726
0.172114
0.173726
0.173726
0.173081
0.173404
0.174371
0.173081
0.174371
0.173404
0.173726
0.173404
0.173404
0.173081
0.174371
0.173081
0.174048
0.173081
0.172114
0.177918
0.173404
0.171791
0.171469
0.173081
0.173081
0.172436
0.170501
0.171469
0.171791
0.172759
0.169534
0.170824
0.172759
0.171469
0.170824
0.172759
0.171469
0.172436
0.172114
0.169856
0.171146
0.170824
0.176628
0.170179
0.170824
0.172114
0.171791
0.172114
0.171146
0.172114
0.172759
0.172436
0.171791
0.173081
0.173081
0.172759
0.172759
0.172114
0.173404
0.173726
0.172436
0.171469
0.172759
0.173081
0.172759
0.173081
0.172759
0.173726
0.174048
0.171791
0.173404
0.174048
0.172759
0.173081
0.173081
0.174048
0.174371
0.174048
0.172759
0.175338
0.174371
0.175016
0.173726
0.174371
0.175016
0.175016
0.173081
0.176306
0.174048
0.175661
0.175016
0.175016
0.175016
0.175338
0.174693
0.174048
0.174371
0.174693
0.175338
0.173726
0.174693
0.175016
0.174693
0.174048
0.173726
0.174693
0.174693
0.174048
0.173081
0.174371
0.173726
0.174371
0.174048
0.174048
0.175338
0.175338
0.174048
0.174048
0.174693
0.174048
0.174048
0.173404
0.172436
0.173404
0.173404
0.172436
0.173404
0.173726
0.173081
0.173081
0.173081
0.174048
0.174048
0.173404
0.173404
0.174371
0.174048
0.173081
0.173404
0.174371
0.175016
0.175338
0.167599
0.173726
0.174371
0.174693
0.174048
0.173081
0.175016
0.174048
0.174371
0.173726
0.174048
0.174048
0.178886
0.173726
0.174048
0.174693
0.175661
0.174371
0.174371
0.174371
0.175016
0.174048
0.173404
0.177918
0.174693
0.175661
0.175016
0.174048
0.175016
0.175661
0.174693
0.174371
0.174693
0.174693
0.174371
0.174693
0.174371
0.175338
0.175016
0.174371
0.174693
0.174048
0.174371
0.173081
0.173726
0.173726
0.173404
0.173081
0.173404
0.173081
0.175016
0.173726
0.173726
0.173404
0.173726
0.173404
0.173081
0.171791
0.173726
0.172759
0.172759
0.171791
0.172759
0.173726
0.172436
0.172436
0.171469
0.172114
0.172759
0.171469
0.171791
0.172114
0.173081
0.173081
0.171791
0.172436
0.172759
0.173081
0.172114
0.173404
0.172759
0.173081
0.173726
0.172759
0.172759
0.174048
0.173404
0.173404
0.173404
0.174048
0.174048
0.174048
0.172759
0.175338
0.174693
0.173726
0.174048
0.173726
0.173726
0.174048
0.174048
0.175016
0.174048
0.175016
0.173726
0.174371
0.175338
0.175016
0.174048
0.173726
0.175338
0.174048
0.178563
0.173726
0.174371
0.174693
0.174048
0.174371
0.175016
0.175338
0.174371
0.175338
0.175016
0.173081
0.175016
0.175016
0.174693
0.175661
0.174693
0.175338
0.173404
0.174693
0.174693
0.175338
0.174048
0.178563
0.174693
0.175016
0.174048
0.173726
0.174371
0.174693
0.174693
0.173404
0.173726
0.174048
0.170501
0.173081
0.173081
0.173726
0.173404
0.174048
0.173081
0.174048
0.174693
0.174371
0.174048
0.175338
0.174693
0.175661
0.173726
0.174693
0.175338
0.174371
0.174371
0.174371
0.174048
0.175016
0.174048
0.173726
0.174371
0.174693
0.174693
0.173404
0.174048
0.173726
0.174048
0.173404
0.174048
0.174371
0.175338
0.174371
0.174371
0.174693
0.175661
0.175016
0.174371
0.174371
0.174693
0.174693
0.174048
0.174048
0.174693
0.175338
0.175338
0.173081
0.174371
0.174693
0.175983
0.173404
0.174048
0.174693
0.175016
0.173726
0.174048
0.174371
0.174693
0.175016
0.174371
0.173404
0.174371
0.174371
0.172114
0.175983
0.173726
0.173081
0.173726
0.172436
0.173726
0.173726
0.173081
0.173081
0.173081
0.172436
0.175983
0.172114
0.172436
0.172759
0.173726
0.172759
0.171146
0.172114
0.172114
0.172114
0.170824
0.169856
0.172114
0.172436
0.172436
0.171146
0.172436
0.172436
0.172759
0.171469
0.172114
0.173081
0.172759
0.173726
0.172436
