Samp. Freq.(Hz)   Sample#   Pulse Length (ms)
10000.000000	10000.000000	150.000000
	
Voltage(V) 
0.259182
0.259827
0.258537
0.260471
0.257892
0.258214
0.258214
0.257892
0.256279
0.256279
0.256279
0.256602
0.256924
0.257892
0.258214
0.260149
0.260794
0.260794
0.261761
0.261439
0.262729
0.262406
0.261116
0.262729
0.262406
0.262406
0.261761
0.263051
0.261439
0.261761
0.263051
0.263696
0.265309
0.264664
0.263051
0.264664
0.264664
0.268211
0.266276
0.264664
0.264341
0.266276
0.267566
0.266921
0.265954
0.266276
0.266598
0.267243
0.266921
0.270791
0.269178
0.268856
0.267243
0.268533
0.266921
0.267566
0.267243
0.267243
0.267243
0.267888
0.267888
0.267888
0.268856
0.269178
0.270146
0.268533
0.268856
0.268856
0.267243
0.266598
0.266276
0.265954
0.266598
0.267243
0.266921
0.266598
0.266276
0.266598
0.267566
0.266276
0.267243
0.265631
0.265954
0.266276
0.265631
0.265309
0.266276
0.264341
0.266276
0.264664
0.264664
0.264664
0.264341
0.264019
0.264019
0.267243
0.263696
0.264986
0.266276
0.267243
0.266921
0.265954
0.267243
0.267243
0.267566
0.267566
0.267243
0.267243
0.267566
0.269178
0.266921
0.266276
0.267243
0.266921
0.267243
0.268856
0.268856
0.266921
0.268211
0.268211
0.267566
0.267888
0.267566
0.266276
0.267566
0.267243
0.266921
0.267888
0.266276
0.268533
0.269178
0.267566
0.267888
0.269178
0.268533
0.268533
0.268856
0.267243
0.268533
0.269178
0.268211
0.268533
0.268856
0.269823
0.268533
0.268211
0.268856
0.268856
0.267566
0.265954
0.266276
0.265631
0.265309
0.265631
0.264664
0.264019
0.264341
0.264019
0.262729
0.262084
0.262084
0.262084
0.262084
0.261761
0.260794
0.260794
0.260471
0.261116
0.259827
0.260471
0.259504
0.259182
0.258537
0.257569
0.256279
0.256279
0.256602
0.256924
0.256924
0.257247
0.258214
0.259504
0.260471
0.262084
0.261116
0.261116
0.262084
0.264019
0.262084
0.263051
0.261116
0.262406
0.263051
0.263374
0.264986
0.266921
0.266276
0.267243
0.268211
0.269823
0.269178
0.266276
0.260471
0.251120
0.239833
0.228547
0.217260
0.209198
0.201459
0.193074
0.184045
0.176306
0.170179
0.164374
0.156957
0.151798
0.145671
0.141801
0.137609
0.131482
0.126322
0.123420
0.119550
0.116326
0.111811
0.109554
0.106651
0.104072
0.100202
0.097622
0.095042
0.095042
0.091495
0.090205
0.088915
0.086981
0.085046
0.083111
0.082143
0.081498
0.080531
0.079241
0.076661
0.075371
0.076661
0.074727
0.073114
0.072147
0.071502
0.071824
0.070534
0.070212
0.068922
0.067955
0.067310
0.067955
0.066987
0.066665
0.066020
0.065697
0.065375
0.065052
0.064730
0.063440
0.064407
0.063762
0.063762
0.062150
0.062473
0.063762
0.064730
0.062473
0.061183
0.061183
0.062150
0.061505
0.060538
0.060215
0.060860
0.060538
0.060860
0.060538
0.059570
0.060215
0.060860
0.059570
0.060215
0.060215
0.060215
0.059248
0.060215
0.059248
0.060860
0.059570
0.058603
0.059893
0.060860
0.060215
0.058603
0.058280
0.059248
0.059893
0.059248
0.058925
0.059570
0.059570
0.060538
0.060215
0.058925
0.057958
0.059570
0.058280
0.059248
0.058925
0.060215
0.059248
0.059248
0.059248
0.058603
0.059248
0.059248
0.058925
0.059570
0.059248
0.059570
0.059570
0.059893
0.059893
0.060215
0.059248
0.058603
0.059570
0.059893
0.059248
0.060215
0.059248
0.060215
0.059570
0.059570
0.059248
0.059570
0.058925
0.059248
0.059570
0.059570
0.059248
0.058603
0.059248
0.059248
0.058925
0.056023
0.057635
0.058925
0.059893
0.058925
0.058280
0.058603
0.059248
0.059893
0.058603
0.058280
0.059248
0.059570
0.058603
0.058603
0.059570
0.058603
0.058925
0.058925
0.058603
0.058603
0.059248
0.058280
0.058603
0.058280
0.059248
0.057958
0.058280
0.058280
0.059570
0.058280
0.058603
0.058925
0.058925
0.059570
0.058925
0.057958
0.059248
0.058603
0.058603
0.057958
0.056990
0.058280
0.059248
0.058280
0.058925
0.059248
0.058925
0.059248
0.059248
0.058603
0.059248
0.059570
0.057958
0.058603
0.058925
0.058280
0.059248
0.058280
0.058603
0.059248
0.059248
0.059248
0.058603
0.058603
0.059248
0.058603
0.059893
0.058925
0.059248
0.058280
0.058603
0.059248
0.059248
0.058925
0.058603
0.059248
0.059570
0.059248
0.058603
0.060538
0.059248
0.058925
0.058925
0.057958
0.058603
0.058925
0.059893
0.058925
0.058603
0.058925
0.060215
0.058603
0.059248
0.058603
0.058925
0.058603
0.058280
0.058280
0.058603
0.059570
0.057635
0.059570
0.058925
0.059570
0.059248
0.058925
0.058603
0.058603
0.058603
0.058280
0.058603
0.058925
0.059570
0.058603
0.057958
0.058280
0.058603
0.058925
0.057635
0.057635
0.059248
0.057958
0.058925
0.058603
0.057635
0.058603
0.058603
0.058603
0.058603
0.058280
0.058280
0.059248
0.058603
0.058925
0.058925
0.057313
0.058280
0.059248
0.058925
0.058280
0.058280
0.059248
0.058603
0.058925
0.057958
0.058925
0.058925
0.059248
0.058925
0.058925
0.057958
0.058925
0.058925
0.058603
0.059248
0.058925
0.058925
0.059570
0.058603
0.057635
0.058280
0.058925
0.058280
0.059248
0.059248
0.059248
0.058280
0.059248
0.059248
0.059570
0.058280
0.058925
0.058603
0.058925
0.058925
0.057958
0.058280
0.058603
0.059893
0.058925
0.058280
0.058603
0.059570
0.059248
0.058925
0.058603
0.057958
0.059248
0.059893
0.058603
0.058280
0.058280
0.058925
0.058925
0.058925
0.058925
0.060860
0.057958
0.058603
0.059570
0.058925
0.058280
0.058280
0.058603
0.058603
0.059248
0.057313
0.057958
0.058925
0.058925
0.058925
0.058603
0.057635
0.057958
0.058603
0.057958
0.057958
0.058280
0.058603
0.058603
0.058925
0.057958
0.058603
0.058280
0.057635
0.057635
0.058925
0.057958
0.058603
0.058280
0.057958
0.059248
0.058280
0.058280
0.059248
0.058280
0.058925
0.057958
0.057958
0.057635
0.058280
0.059248
0.057958
0.057635
0.059248
0.058280
0.058603
0.058603
0.058280
0.058603
0.058603
0.057958
0.058603
0.059570
0.058925
0.058925
0.059248
0.059248
0.059248
0.058603
0.059248
0.060215
0.060538
0.057635
0.058603
0.058280
0.058925
0.058925
0.057958
0.058280
0.059570
0.059570
0.058603
0.058280
0.058280
0.058925
0.059248
0.058280
0.058280
0.057635
0.057958
0.058925
0.058925
0.058280
0.059248
0.058925
0.058603
0.059893
0.059248
0.058280
0.058603
0.057635
0.059248
0.058280
0.057958
0.057635
0.059570
0.058925
0.059893
0.058603
0.057958
0.058280
0.058925
0.058603
0.057958
0.058280
0.059570
0.057958
0.058280
0.058925
0.057958
0.058925
0.058925
0.058603
0.058925
0.058603
0.058280
0.059248
0.058280
0.058603
0.059248
0.058925
0.058280
0.059570
0.058603
0.058280
0.058603
0.058603
0.058603
0.058925
0.057313
0.058280
0.058603
0.058280
0.057635
0.058925
0.058603
0.058603
0.057958
0.058925
0.057958
0.058603
0.058603
0.058925
0.058280
0.059893
0.058603
0.058925
0.058925
0.060215
0.060215
0.059570
0.057635
0.058925
0.059248
0.059248
0.057958
0.058280
0.057635
0.058603
0.056990
0.058603
0.057635
0.058280
0.058603
0.058925
0.058280
0.058925
0.058925
0.058280
0.058925
0.058603
0.057313
0.059248
0.058603
0.059248
0.059248
0.058925
0.058603
0.058603
0.059248
0.058603
0.058603
0.057958
0.058925
0.059248
0.058925
0.058925
0.057958
0.059248
0.058925
0.059248
0.058603
0.058280
0.058280
0.058603
0.058603
0.059248
0.058603
0.058280
0.057313
0.058280
0.057958
0.058280
0.056990
0.058280
0.059893
0.058603
0.057635
0.058603
0.058603
0.058603
0.059248
0.057958
0.058280
0.058925
0.058280
0.058925
0.058280
0.058280
0.059570
0.059248
0.058603
0.057958
0.059248
0.058280
0.058280
0.058603
0.058925
0.058280
0.058280
0.057958
0.058603
0.059248
0.057635
0.057313
0.059248
0.058925
0.058925
0.057635
0.056346
0.058280
0.060860
0.059248
0.057958
0.059248
0.058925
0.059893
0.058925
0.058603
0.059248
0.059248
0.059248
0.059248
0.058603
0.059248
0.059248
0.058603
0.059570
0.059248
0.058925
0.058925
0.058925
0.059248
0.059893
0.057958
0.058280
0.059248
0.059570
0.058925
0.058603
0.058280
0.059248
0.058925
0.058280
0.058603
0.059248
0.059570
0.058925
0.058603
0.059893
0.059893
0.059570
0.057958
0.059248
0.058603
0.058280
0.058280
0.057958
0.058603
0.058603
0.058603
0.059248
0.057958
0.059570
0.059893
0.058280
0.057958
0.059570
0.059248
0.058603
0.057313
0.058603
0.058603
0.058280
0.057313
0.058280
0.057958
0.059248
0.058603
0.058280
0.057958
0.058603
0.058925
0.058280
0.058925
0.057958
0.059248
0.057313
0.058280
0.057958
0.058603
0.059248
0.058603
0.058603
0.058925
0.059248
0.058603
0.058603
0.059248
0.059570
0.058925
0.057958
0.059248
0.058925
0.059248
0.059570
0.058603
0.057958
0.059570
0.059248
0.058603
0.058603
0.059248
0.058280
0.059248
0.058925
0.059248
0.059248
0.058925
0.058603
0.059248
0.058603
0.057958
0.058925
0.058925
0.058925
0.058603
0.057958
0.058280
0.056990
0.057635
0.057958
0.058280
0.058925
0.059570
0.058925
0.058603
0.058925
0.058925
0.058280
0.058280
0.059893
0.058925
0.058280
0.058925
0.058925
0.059570
0.058925
0.058925
0.057958
0.059248
0.058603
0.058603
0.057635
0.058280
0.058603
0.059570
0.057313
0.058603
0.058280
0.058603
0.059248
0.059248
0.058280
0.058603
0.058925
0.057958
0.059248
0.057313
0.056668
0.060215
0.058280
0.057958
0.059248
0.058603
0.058603
0.060215
0.058280
0.058280
0.058280
0.058280
0.058603
0.059248
0.058280
0.058280
0.058925
0.058925
0.058925
0.058280
0.058280
0.058603
0.058925
0.057313
0.058280
0.058280
0.058603
0.057635
0.058603
0.059248
0.058280
0.058603
0.060215
0.058603
0.058925
0.058925
0.058280
0.058603
0.058280
0.058603
0.059248
0.058925
0.059570
0.059248
0.058603
0.058280
0.058603
0.058925
0.059570
0.058603
0.058925
0.058603
0.058925
0.058280
0.058925
0.057635
0.058603
0.059570
0.058925
0.058280
0.058603
0.058925
0.059248
0.058925
0.058925
0.057958
0.059248
0.057635
0.058603
0.058603
0.058925
0.057313
0.058603
0.057958
0.058280
0.057958
0.057313
0.057313
0.058603
0.058603
0.060215
0.056990
0.057958
0.058925
0.059248
0.057635
0.058280
0.058280
0.057958
0.058603
0.058280
0.057313
0.058280
0.058603
0.058603
0.058280
0.058603
0.057635
0.058280
0.058603
0.058925
0.057958
0.057958
0.058280
0.058603
0.058925
0.057635
0.057313
0.058603
0.058603
0.057958
0.058280
0.057958
0.059248
0.058925
0.057635
0.058603
0.058925
0.058925
0.058603
0.057635
0.057958
0.059570
0.058603
0.058280
0.058925
0.057958
0.058925
0.058603
0.058280
0.057958
0.058603
0.058280
0.057313
0.058280
0.058925
0.059248
0.058280
0.058603
0.058925
0.059248
0.058925
0.057313
0.058280
0.058603
0.059248
0.058603
0.058280
0.058280
0.059248
0.058925
0.058603
0.058280
0.058603
0.058603
0.058280
0.058280
0.059248
0.058603
0.059248
0.057635
0.059248
0.057958
0.059248
0.058280
0.057958
0.058925
0.058603
0.057635
0.057635
0.057958
0.058280
0.057313
0.058280
0.056990
0.057958
0.058280
0.058925
0.058925
0.058280
0.057635
0.058280
0.057958
0.058280
0.058925
0.057635
0.058280
0.058925
0.058925
0.057958
0.057313
0.058925
0.058603
0.058925
0.057635
0.057958
0.057313
0.058603
0.058280
0.057313
0.059248
0.058603
0.058925
0.058280
0.058925
0.058603
0.059248
0.057635
0.057635
0.059248
0.058603
0.058280
0.059570
0.057958
0.059570
0.059248
0.058280
0.059248
0.058603
0.059248
0.059893
0.056990
0.058603
0.059570
0.058925
0.057958
0.058603
0.057958
0.058925
0.058925
0.058925
0.057958
0.059248
0.058925
0.059248
0.058280
0.058603
0.059248
0.060215
0.059570
0.058925
0.058603
0.058603
0.058925
0.058603
0.059248
0.059248
0.057958
0.058603
0.059248
0.059570
0.058280
0.059248
0.058280
0.058925
0.058925
0.057958
0.058280
0.058925
0.058280
0.058280
0.057958
0.058280
0.058280
0.058280
0.057958
0.058925
0.058280
0.058603
0.057958
0.059248
0.058925
0.057635
0.057958
0.057958
0.058603
0.059570
0.057635
0.057958
0.056990
0.060215
0.058925
0.058280
0.058280
0.058925
0.059570
0.060215
0.057635
0.057313
0.058280
0.058925
0.058603
0.058925
0.057635
0.058925
0.057313
0.058603
0.059248
0.058925
0.058280
0.058603
0.057958
0.057958
0.058925
0.057313
0.058280
0.058603
0.058603
0.058925
0.058603
0.058280
0.059248
0.059248
0.058280
0.058280
0.058603
0.058925
0.058925
0.058925
0.059248
0.059248
0.059248
0.058280
0.057958
0.058280
0.059570
0.058603
0.058603
0.058280
0.058925
0.058280
0.058925
0.058925
0.058925
0.057958
0.058280
0.059570
0.058925
0.058280
0.057958
0.058603
0.059248
0.058925
0.058925
0.058280
0.057958
0.058280
0.059570
0.057635
0.057313
0.058925
0.059248
0.058925
0.058925
0.058280
0.059248
0.058603
0.057958
0.056990
0.057635
0.058603
0.058925
0.058603
0.058925
0.059248
0.057958
0.057635
0.058603
0.059248
0.058280
0.057313
0.057958
0.057635
0.059248
0.058280
0.058603
0.058280
0.059570
0.058603
0.058603
0.058603
0.058603
0.058603
0.058280
0.058603
0.058925
0.058925
0.059570
0.058280
0.059570
0.058280
0.059248
0.058603
0.058280
0.058925
0.058925
0.057958
0.057635
0.057958
0.058280
0.058603
0.058603
0.058280
0.059570
0.059248
0.059248
0.059893
0.058280
0.059248
0.058925
0.058925
0.059248
0.058280
0.058603
0.058280
0.058925
0.058925
0.058280
0.057958
0.059248
0.058603
0.058603
0.058280
0.058280
0.059570
0.058280
0.059248
0.057958
0.058603
0.058925
0.058925
0.058925
0.058603
0.058280
0.058280
0.058603
0.059570
0.058280
0.057635
0.057313
0.057958
0.058280
0.059248
0.058280
0.058603
0.058280
0.058280
0.058280
0.058925
0.056990
0.058603
0.058603
0.058925
0.058280
0.057313
0.057635
0.059893
0.058603
0.057958
0.058280
0.058925
0.057958
0.058603
0.056990
0.057635
0.058603
0.058280
0.057635
0.059893
0.057635
0.059248
0.057958
0.058603
0.058280
0.058925
0.057958
0.057958
0.058925
0.060215
0.059570
0.058280
0.058603
0.058280
0.059570
0.058280
0.057958
0.058925
0.058925
0.058603
0.057958
0.058603
0.057958
0.059570
0.058925
0.057958
0.057958
0.059893
0.058925
0.059570
0.058603
0.058603
0.059248
0.058603
0.058603
0.058925
0.058280
0.058925
0.059248
0.059248
0.058603
0.058603
0.058603
0.058280
0.059248
0.058603
0.058280
0.058925
0.059248
0.060215
0.057635
0.057635
0.058603
0.059248
0.059893
0.058280
0.058603
0.058280
0.059570
0.058280
0.058280
0.057958
0.058603
0.058925
0.057313
0.057958
0.058280
0.057635
0.058280
0.057958
0.058925
0.058280
0.057958
0.057313
0.057635
0.057958
0.058603
0.057313
0.058280
0.057635
0.059248
0.057958
0.057635
0.057313
0.058925
0.058603
0.057635
0.058280
0.057958
0.058603
0.056990
0.058280
0.058280
0.057635
0.059248
0.057958
0.057635
0.058280
0.058603
0.057313
0.058280
0.058280
0.058280
0.058280
0.058280
0.058280
0.059570
0.057635
0.056990
0.058603
0.058603
0.058603
0.059248
0.057635
0.058280
0.058603
0.058603
0.058603
0.058925
0.057958
0.059248
0.058925
0.057313
0.058280
0.059570
0.058603
0.058603
0.059248
0.058925
0.060538
0.058603
0.059248
0.058925
0.059248
0.058280
0.059248
0.058603
0.058925
0.059570
0.058603
0.058603
0.059570
0.059248
0.057958
0.058280
0.059248
0.059248
0.058280
0.058280
0.058603
0.059248
0.058603
0.058603
0.058925
0.058603
0.059248
0.058280
0.058280
0.058280
0.058925
0.058280
0.057958
0.059248
0.059248
0.058603
0.058280
0.058925
0.059570
0.060538
0.058280
0.056990
0.058925
0.059248
0.059570
0.057635
0.058280
0.058603
0.059248
0.058280
0.058280
0.058925
0.059248
0.058925
0.059248
0.058280
0.058280
0.058280
0.058280
0.058280
0.059570
0.058280
0.058280
0.058925
0.058925
0.059248
0.058925
0.057958
0.059570
0.058925
0.059248
0.057635
0.058280
0.058603
0.059893
0.058925
0.058603
0.057313
0.058280
0.057635
0.059248
0.058603
0.058925
0.059893
0.058280
0.058280
0.059248
0.058925
0.058925
0.059248
0.060215
0.059248
0.058925
0.058280
0.058925
0.059570
0.059893
0.058925
0.059248
0.058280
0.059570
0.059248
0.058280
0.058603
0.058925
0.058603
0.058925
0.058280
0.058280
0.058925
0.059570
0.058925
0.058280
0.059248
0.059248
0.058280
0.058280
0.058603
0.059248
0.060538
0.058603
0.059570
0.058603
0.058603
0.056990
0.059248
0.058925
0.059248
0.059570
0.058280
0.058280
0.059248
0.057958
0.057958
0.058925
0.057958
0.058280
0.058925
0.058280
0.060538
0.068922
0.077951
0.086658
0.094397
0.100847
0.107619
0.113101
0.119873
0.125677
0.131159
0.134384
0.139544
0.144058
0.148896
0.153733
0.156312
0.159860
0.164052
0.166309
0.169856
0.171469
0.175338
0.177596
0.179853
0.181465
0.183400
0.185013
0.186625
0.187915
0.189527
0.190817
0.192752
0.193074
0.193719
0.195977
0.196944
0.197267
0.200169
0.199846
0.200814
0.204039
0.201781
0.202104
0.203071
0.204039
0.204361
0.204039
0.205006
0.205006
0.206618
0.205651
0.206618
0.206618
0.207908
0.208876
0.208553
0.207586
0.208553
0.208553
0.209521
0.208876
0.209521
0.209198
0.208231
0.208876
0.209198
0.207908
0.207908
0.208231
0.208553
0.208553
0.208553
0.208553
0.209521
0.210166
0.207263
0.209198
0.210811
0.209843
0.210811
0.209521
0.209521
0.208876
0.210166
0.209521
0.210166
0.208553
0.208553
0.209843
0.208876
0.209198
0.210166
0.208553
0.209843
0.209198
0.209521
0.209198
0.210166
0.209521
0.208876
0.209843
0.209521
0.208876
0.210166
0.209198
0.210166
0.210488
0.209521
0.208876
0.209843
0.207908
0.210811
0.209843
0.209521
0.210166
0.210488
0.209198
0.210166
0.211133
0.209843
0.209198
0.209843
0.209198
0.210166
0.209521
0.209198
0.209521
0.208876
0.209521
0.208553
0.208553
0.208553
0.209521
0.208553
0.208553
0.208876
0.208231
0.209843
0.208876
0.207908
0.208876
0.207908
0.207908
0.208553
0.207586
0.207586
0.211455
0.208231
0.207586
0.207263
0.207263
0.206296
0.205328
0.206618
0.205973
0.205973
0.206941
0.206618
0.207263
0.206618
0.207586
0.206618
0.206941
0.207586
0.207263
0.205328
0.206296
0.205973
0.205651
0.205651
0.206941
0.206618
0.207263
0.205651
0.206941
0.207586
0.208553
0.207263
0.206296
0.206618
0.207586
0.204039
0.206296
0.206618
0.206941
0.206618
0.206941
0.205328
0.206941
0.206618
0.207586
0.207263
0.207908
0.207908
0.209521
0.208553
0.208231
0.208876
0.210166
0.208231
0.209198
0.209198
0.209843
0.208553
0.209521
0.208231
0.209198
0.210488
0.209843
0.209198
0.209843
0.210488
0.209843
0.210166
0.209843
0.211133
0.212745
0.208876
0.209198
0.210166
0.212100
0.210811
0.211133
0.210811
0.211133
0.211778
0.210166
0.210166
0.211133
0.211455
0.210811
0.210166
0.209843
0.209843
0.211778
0.209843
0.209521
0.209521
0.209843
0.208553
0.209521
0.209843
0.211455
0.210166
0.210811
0.211455
0.211455
0.211778
0.211778
0.211455
0.210811
0.215648
0.210811
0.211455
0.211133
0.211778
0.210488
0.212100
0.211455
0.210811
0.210488
0.209521
0.210811
0.211778
0.211133
0.211778
0.211455
0.212100
0.212423
0.212745
0.210811
0.212100
0.212745
0.212100
0.212423
0.213068
0.212100
0.214035
0.212423
0.212100
0.211778
0.213713
0.212100
0.213068
0.212745
0.213068
0.211133
0.211778
0.212100
0.212745
0.213390
0.211778
0.213068
0.213068
0.213390
0.215003
0.213068
0.213390
0.215003
0.214680
0.212423
0.213068
0.213713
0.214035
0.213390
0.211455
0.211778
0.212423
0.211778
0.212423
0.212745
0.213713
0.213390
0.214358
0.213390
0.212423
0.213390
0.214358
0.211778
0.212100
0.212745
0.217905
0.211778
0.214035
0.212745
0.213713
0.213068
0.213713
0.214035
0.214680
0.214035
0.214358
0.214035
0.214680
0.214680
0.214358
0.213390
0.215970
0.215325
0.214680
0.214035
0.214680
0.214680
0.215003
0.214035
0.214358
0.215325
0.215325
0.215325
0.216293
0.216293
0.216938
0.217260
0.215648
0.215970
0.216615
0.220485
0.215970
0.216293
0.215325
0.216615
0.215970
0.214358
0.213713
0.216615
0.215003
0.214680
0.214035
0.214035
0.215325
0.214035
0.213068
0.214035
0.212100
0.214035
0.213713
0.212100
0.209521
0.213713
0.213390
0.213390
0.214035
0.215003
0.215325
0.214358
0.214035
0.215003
0.214680
0.215003
0.214358
0.215003
0.217260
0.215970
0.214680
0.215003
0.216293
0.215003
0.214680
0.215648
0.216293
0.215970
0.214035
0.215325
0.215970
0.215648
0.216293
0.216615
0.217260
0.217905
0.217582
0.217582
0.217582
0.218227
0.217905
0.219517
0.220162
0.221452
0.220485
0.219840
0.220162
0.220485
0.219517
0.220807
0.219840
0.220162
0.216293
0.220485
0.219517
0.219840
0.218872
0.220485
0.220162
0.219840
0.219517
0.220485
0.220162
0.219517
0.220162
0.220485
0.221452
0.222742
0.219840
0.221130
0.220162
0.221130
0.219517
0.219195
0.220162
0.220807
0.220807
0.220162
0.219840
0.220807
0.220807
0.219840
0.220485
0.221452
0.220807
0.219195
0.218227
0.216615
0.219840
0.219517
0.218227
0.218550
0.218872
0.218872
0.219195
0.218227
0.218550
0.218872
0.219517
0.217260
0.218550
0.218227
0.218550
0.217905
0.217260
0.216938
0.217260
0.216615
0.215648
0.216293
0.215970
0.216293
0.215648
0.216293
0.217260
0.217260
0.216293
0.216293
0.218550
0.217260
0.217582
0.217260
0.222742
0.219195
0.218872
0.217582
0.218872
0.218550
0.218550
0.218872
0.218550
0.218227
0.220162
0.220807
0.218550
0.219517
0.221130
0.220807
0.220162
0.220162
0.220162
0.220485
0.219517
0.218872
0.220485
0.221130
0.221775
0.220485
0.220807
0.220807
0.221452
0.219517
0.219517
0.221130
0.222420
0.220807
0.219840
0.222742
0.221775
0.220162
0.219517
0.219195
0.220807
0.220485
0.220807
0.219517
0.219195
0.220162
0.220485
0.216293
0.219840
0.220807
0.219840
0.219840
0.219195
0.219840
0.220807
0.219840
0.219517
0.218550
0.219195
0.219840
0.219517
0.218227
0.218227
0.218550
0.217582
0.217905
0.218550
0.218872
0.218227
0.217260
0.217582
0.217260
0.218227
0.217582
0.216293
0.218227
0.219195
0.219195
0.218227
0.218550
0.220162
0.220162
0.214358
0.220162
0.220162
0.220162
0.218872
0.218227
0.220162
0.220162
0.219840
0.219195
0.219195
0.221775
0.220807
0.219840
0.220807
0.220485
0.220485
0.220162
0.219195
0.219195
0.220162
0.219195
0.219517
0.219195
0.219517
0.221130
0.219195
0.219195
0.219517
0.220807
0.219517
0.219840
0.218227
0.219840
0.219195
0.223065
0.216615
0.216615
0.218550
0.219517
0.217905
0.217582
0.218550
0.219517
0.218872
0.218227
0.217905
0.219517
0.218227
0.218227
0.218550
0.218550
0.218872
0.218872
0.217582
0.217905
0.217582
0.216293
0.216615
0.216938
0.215970
0.215970
0.215325
0.216615
0.215970
0.216615
0.215648
0.216938
0.215970
0.215648
0.219517
0.216615
0.216293
0.217905
0.215003
0.215325
0.216938
0.216938
0.216615
0.217582
0.217582
0.216615
0.218227
0.216938
0.217260
0.218872
0.218227
0.218550
0.218550
0.219517
0.219195
0.218550
0.217905
0.218227
0.219517
0.218227
0.219195
0.219195
0.219840
0.220485
0.220162
0.219195
0.220485
0.219840
0.225322
0.219840
0.219840
0.220162
0.220807
0.219195
0.219517
0.220485
0.220807
0.219840
0.219517
0.219517
0.222097
0.221452
0.220807
0.219517
0.220807
0.220485
0.219840
0.218550
0.219517
0.219195
0.219840
0.217905
0.218550
0.218872
0.219517
0.218550
0.217905
0.218227
0.219195
0.220162
0.219195
0.218550
0.219195
0.221452
0.219840
0.219840
0.218227
0.218872
0.218227
0.218227
0.217905
0.217260
0.217905
0.217582
0.218550
0.218227
0.218550
0.217582
0.217582
0.216293
0.217260
0.218227
0.218227
0.218550
0.217260
0.217260
0.217582
0.217905
0.218872
0.219195
0.218872
0.217582
0.219840
0.219840
0.218872
0.219517
0.220162
0.219840
0.220807
0.220162
0.218550
0.219195
0.219195
0.217905
0.217905
0.219195
0.218872
0.219195
0.216938
0.218227
0.216293
0.219517
0.218550
0.218227
0.217582
0.219517
0.219195
0.218550
0.220162
0.220807
0.219517
0.218872
0.218872
0.218872
0.219517
0.218872
0.217582
0.219517
0.219195
0.219517
0.218550
0.218550
0.219517
0.219840
0.218872
0.218550
0.218550
0.218550
0.217905
0.217905
0.216938
0.218227
0.219517
0.217905
0.218550
0.222742
0.217905
0.218227
0.218227
0.217905
0.217582
0.218227
0.217260
0.217582
0.217260
0.219517
0.217905
0.217905
0.217582
0.216938
0.217905
0.217905
0.218227
0.217582
0.217905
0.216938
0.215970
0.216938
0.217260
0.216938
0.215003
0.217260
0.215648
0.215970
0.215325
0.215648
0.215648
0.217260
0.215648
0.215003
0.215970
0.216938
0.215003
0.215325
0.215003
0.216293
0.214680
0.215325
0.215003
0.216615
0.215325
0.215325
0.214680
0.215648
0.215648
0.217582
0.215003
0.216615
0.215648
0.218227
0.215325
0.216293
0.216615
0.217260
0.217905
0.216938
0.215970
0.217905
0.215970
0.215970
0.215325
0.215003
0.215325
0.214358
0.219517
0.215003
0.215970
0.214680
0.213713
0.214358
0.214035
0.215003
0.213713
0.213390
0.214358
0.214680
0.212423
0.213068
0.214680
0.215003
0.214680
0.214680
0.215003
0.215003
0.215325
0.214358
0.215970
0.216938
0.215003
0.215648
0.214035
0.215003
0.215648
0.214358
0.214035
0.215648
0.215648
0.214358
0.213390
0.217260
0.215003
0.213713
0.213390
0.213068
0.214358
0.213390
0.214358
0.212423
0.212745
0.213713
0.214035
0.212423
0.213068
0.213390
0.215003
0.213068
0.212423
0.213390
0.213068
0.214035
0.214035
0.213068
0.214680
0.214358
0.214035
0.212745
0.215003
0.215003
0.214680
0.213068
0.213713
0.213713
0.214680
0.212745
0.214358
0.214035
0.215003
0.214035
0.214358
0.214358
0.215003
0.213390
0.213390
0.213068
0.214680
0.212745
0.213068
0.212745
0.213068
0.214358
0.214035
0.213068
0.214358
0.213713
0.215003
0.213068
0.214358
0.214680
0.214358
0.213713
0.213713
0.214680
0.213068
0.212745
0.214680
0.214035
0.211778
0.213068
0.212745
0.214680
0.214358
0.214035
0.213713
0.213068
0.213390
0.212745
0.212745
0.211778
0.211455
0.212100
0.213068
0.214035
0.210811
0.210166
0.212745
0.211778
0.211133
0.212100
0.212423
0.213713
0.213390
0.212100
0.212745
0.213713
0.214035
0.212745
0.214358
0.212745
0.213390
0.214035
0.213713
0.213390
0.214358
0.214358
0.215003
0.215648
0.215648
0.213713
0.213068
0.212745
0.212745
0.213390
0.212423
0.212100
0.212745
0.210811
0.212100
0.211778
0.212100
0.213713
0.213390
0.213068
0.213390
0.213390
0.214035
0.214680
0.214035
0.213713
0.213713
0.214680
0.214035
0.213390
0.214358
0.215003
0.215003
0.215325
0.214680
0.214680
0.214358
0.215648
0.215648
0.215003
0.215003
0.214680
0.215648
0.215970
0.215648
0.214680
0.214035
0.216938
0.219195
0.214358
0.214358
0.215325
0.215003
0.215003
0.213713
0.213713
0.214680
0.216293
0.214358
0.214035
0.214035
0.214358
0.215648
0.213390
0.212745
0.214680
0.214680
0.215325
0.213713
0.214680
0.214680
0.215970
0.215003
0.214680
0.215325
0.216293
0.213713
0.215003
0.214035
0.215325
0.215325
0.213713
0.214035
0.218227
0.214358
0.213390
0.212745
0.214035
0.214358
0.214680
0.214035
0.214358
0.214680
0.214358
0.214358
0.214035
0.214035
0.213713
0.213390
0.212745
0.213390
0.213068
0.214035
0.213068
0.213390
0.212745
0.213068
0.212423
0.213068
0.212100
0.212745
0.212423
0.211778
0.211455
0.211455
0.211778
0.212745
0.211133
0.213068
0.213068
0.212423
0.211778
0.213068
0.212100
0.213713
0.213713
0.213068
0.214035
0.214035
0.213068
0.209521
0.212745
0.212745
0.212745
0.212100
0.211778
0.211778
0.212100
0.212100
0.212100
0.212423
0.210811
0.212100
0.211133
0.211778
0.211455
0.211455
0.209198
0.209843
0.209521
0.209198
0.209198
0.209843
0.209843
0.210811
0.211455
0.210811
0.211133
0.211778
0.212100
0.212745
0.212423
0.212100
0.212423
0.212423
0.214035
0.211133
0.212100
0.213068
0.212423
0.211455
0.210488
0.213068
0.211778
0.212100
0.211455
0.211133
0.213068
0.212745
0.211133
0.212100
0.212745
0.212745
0.211133
0.210811
0.211133
0.212745
0.212423
0.211778
0.213068
0.212423
0.213068
0.212745
0.212745
0.213390
0.213390
0.212423
0.213068
0.212423
0.212100
0.212100
0.210488
0.210811
0.211778
0.212423
0.211455
0.211133
0.212100
0.213068
0.211778
0.211133
0.213068
0.213068
0.213068
0.212100
0.211778
0.212745
0.213713
0.211778
0.211778
0.211133
0.212100
0.212100
0.210811
0.211455
0.212423
0.211133
0.211778
0.211133
0.211133
0.210166
0.210488
0.210488
0.211133
0.213713
0.211133
0.209843
0.210811
0.210166
0.211133
0.209198
0.211133
0.212423
0.211778
0.210166
0.209843
0.207586
0.212745
0.211133
0.211133
0.211133
0.211778
0.212423
0.211455
0.209843
0.212423
0.212100
0.213068
0.210811
0.211133
0.211778
0.211778
0.211778
0.210811
0.211778
0.211778
0.212745
0.212745
0.211133
0.213713
0.213390
0.212100
0.212423
0.211455
0.211455
0.212423
0.211455
0.212423
0.213068
0.213713
0.212423
0.213390
0.211455
0.211778
0.210811
0.210811
0.211133
0.211778
0.211455
0.211455
0.211133
0.211133
0.212423
0.211778
0.210488
0.211133
0.211133
0.210166
0.209521
0.210166
0.210811
0.210488
0.210488
0.210166
0.210811
0.210488
0.209843
0.208553
0.209198
0.207908
0.208553
0.208553
0.207908
0.207908
0.208231
0.205651
0.210811
0.207586
0.206296
0.205328
0.207263
0.205006
0.207263
0.206296
0.205328
0.206618
0.205973
0.206941
0.207263
0.207263
0.207908
0.207263
0.207908
0.208231
0.208876
0.208876
0.208876
0.209521
0.207908
0.208553
0.209198
0.207908
0.208876
0.208876
0.209521
0.208553
0.208876
0.208231
0.208553
0.210166
0.214358
0.209198
0.210488
0.210811
0.210811
0.209198
0.210166
0.210166
0.211133
0.208231
0.208876
0.209843
0.209843
0.210166
0.210166
0.209843
0.210811
0.212100
0.211133
0.210166
0.210166
0.210166
0.210488
0.209521
0.209521
0.209521
0.208876
0.209843
0.210811
0.209843
0.210488
0.211455
0.210166
0.210488
0.210166
0.210811
0.210166
0.210811
0.208553
0.210166
0.209198
0.207908
0.209843
0.210488
0.210166
0.207908
0.207263
0.205006
0.212423
0.208876
0.208231
0.208231
0.208876
0.206941
0.206618
0.208231
0.206941
0.208231
0.210166
0.207263
0.206618
0.207908
0.208553
0.209198
0.209198
0.208231
0.208553
0.210166
0.208876
0.208553
0.208553
0.209198
0.209198
0.211778
0.209521
0.210166
0.209521
0.210488
0.209198
0.210488
0.209843
0.210166
0.213068
0.211133
0.210488
0.210166
0.211778
0.213068
0.212423
0.211133
0.209521
0.211778
0.212423
0.211133
0.211455
0.211778
0.211455
0.213068
0.211133
0.211455
0.211778
0.211778
0.211455
0.211778
0.210166
0.211778
0.212100
0.211133
0.211455
0.210811
0.210811
0.211455
0.210811
0.209843
0.209198
0.209521
0.204684
0.208876
0.209198
0.210488
0.209198
0.209521
0.208876
0.210488
0.209198
0.208231
0.207263
0.207586
0.209198
0.208553
0.208231
0.209198
0.209521
0.208231
0.207586
0.208231
0.207908
0.208231
0.208231
0.209198
0.208876
0.210166
0.209843
0.210166
0.209521
0.209198
0.210166
0.211133
0.208553
0.209843
0.210488
0.210488
0.209521
0.209843
0.210166
0.209521
0.208876
0.209521
0.210166
0.209521
0.208876
0.208553
0.209843
0.209521
0.209198
0.209843
0.210166
0.209843
0.210166
0.209521
0.208553
0.208553
0.210166
0.208876
0.208553
0.209198
0.208876
0.209198
0.207908
0.207586
0.208876
0.207586
0.207263
0.207586
0.208231
0.207908
0.207908
0.207263
0.208876
0.209198
0.208231
0.207586
0.208553
0.207908
0.207908
0.208231
0.206941
0.207908
0.211133
0.207908
0.208231
0.206941
0.207908
0.210166
0.207908
0.205973
0.206296
0.207908
0.207263
0.205973
0.206618
0.207263
0.206941
0.205006
0.205328
0.205651
0.206296
0.206618
0.206618
0.205973
0.207586
0.207908
0.207263
0.207908
0.208231
0.208231
0.207908
0.207263
0.207586
0.207263
0.207908
0.205973
0.203394
0.207908
0.208876
0.207586
0.209198
0.208553
0.208876
0.208231
0.208231
0.208876
0.209521
0.208553
0.208553
0.209198
0.209521
0.209843
0.209843
0.208876
0.208876
0.210166
0.209521
0.208553
0.209843
0.209521
0.210166
0.208876
0.208553
0.209521
0.208876
0.208553
0.209521
0.208553
0.209521
0.209521
0.206941
0.213713
0.210166
0.208553
0.208876
0.209843
0.209521
0.209198
0.208876
0.208231
0.208876
0.208876
0.208876
0.206296
0.207908
0.208231
0.209521
0.208876
0.207908
0.206941
0.206941
0.207908
0.205328
0.206941
0.206941
0.206941
0.205973
0.205973
0.204684
0.205006
0.203716
0.203716
0.203716
0.203716
0.203394
0.203716
0.203716
0.203716
0.204361
0.205006
0.204039
0.205651
0.205651
0.206296
0.205973
0.205328
0.205651
0.207263
0.205328
0.205973
0.206296
0.206618
0.207586
0.205973
0.207263
0.206941
0.206618
0.207263
0.208553
0.208231
0.207263
0.209198
0.207263
0.208231
0.208231
0.207908
0.208553
0.208553
0.207263
0.207908
0.208231
0.207586
0.207908
0.208876
0.208231
0.208553
0.208876
0.208553
0.208876
0.208553
0.208553
0.207908
0.208876
0.210811
0.208231
0.208231
0.207263
0.206941
0.207263
0.206941
0.207263
0.208553
0.208231
0.206941
0.208231
0.207908
0.209843
0.207586
0.207586
0.206941
0.208231
0.207908
0.207908
0.207908
0.207908
0.207263
0.206941
0.207908
0.207908
0.207586
0.206296
0.207586
0.207908
0.207263
0.206618
0.206296
0.207586
0.202104
0.206618
0.206941
0.206941
0.208231
0.209521
0.207586
0.208553
0.208553
0.208553
0.208876
0.208231
0.208231
0.208876
0.209198
0.207586
0.208553
0.206618
0.205973
0.206618
0.206941
0.207908
0.207908
0.206618
0.206618
0.207263
0.206618
0.207586
0.207263
0.207586
0.207908
0.206618
0.207263
0.207908
0.206941
0.207586
0.206618
0.206618
0.205328
0.206296
0.205328
0.205006
0.205006
0.205973
0.206296
0.205973
0.206618
0.209198
0.206941
0.207263
0.206296
0.207908
0.206618
0.206618
0.207263
0.206941
0.206296
0.207263
0.206941
0.205651
0.206941
0.206941
0.207263
0.205973
0.206296
0.205651
0.207908
0.206618
0.204684
0.205006
0.205651
0.205973
0.203716
0.204684
0.205973
0.205006
0.203716
0.204039
0.204684
0.204684
0.203716
0.203394
0.205973
0.203394
0.205651
0.204684
0.204684
0.204684
0.206618
0.205006
0.205973
0.205973
0.206618
0.206618
0.206618
0.205328
0.206618
0.206618
0.206618
0.206618
0.206941
0.205973
0.206618
0.205651
0.206941
0.205651
0.205973
0.206296
0.205973
0.206296
0.206296
0.205973
0.207263
0.206941
0.206941
0.206941
0.211778
0.206941
0.206941
0.207263
0.206296
0.208231
0.208231
0.207908
0.206941
0.207586
0.207908
0.208553
0.204039
0.207586
0.209843
0.208553
0.208231
0.207908
0.208876
0.208553
0.208231
0.206618
0.208231
0.208553
0.208553
0.207586
0.208553
0.208553
0.208876
0.208553
0.208876
0.207908
0.207586
0.209521
0.208231
0.207263
0.208553
0.208553
0.208231
0.206618
0.207908
0.206941
0.206618
0.205973
0.206618
0.206296
0.205651
0.210488
0.205651
0.206296
0.205328
0.206296
0.205651
0.206296
0.206618
0.206296
0.206296
0.205973
0.206618
0.209843
0.208876
0.207263
0.206941
0.206941
0.206618
0.206296
0.205328
0.206941
0.207908
0.205973
0.206941
0.207263
0.206618
0.207586
0.206941
0.207263
0.206618
0.207263
0.206296
0.207586
0.205973
0.206296
0.210488
0.207263
0.206941
0.207586
0.207908
0.207908
0.207586
0.208231
0.208553
0.207908
0.207908
0.209198
0.208553
0.207908
0.208231
0.208231
0.208231
0.206941
0.207908
0.208553
0.207908
0.208876
0.208553
0.207586
0.208231
0.208553
0.207908
0.207586
0.206941
0.206296
0.207908
0.206941
0.206618
0.206296
0.205006
0.207263
0.206941
0.206941
0.205973
0.208553
0.205973
0.205651
0.207263
0.206296
0.205651
0.206941
0.205651
0.206941
0.205973
0.205006
0.204684
0.204039
0.203394
0.204039
0.204039
0.205328
0.207263
0.205006
0.205006
0.205651
0.205006
0.205973
0.205651
0.205651
0.205651
0.205651
0.205328
0.204684
0.204684
0.206618
0.205973
0.204361
0.206296
0.206618
0.206941
0.206296
0.207586
0.206941
0.206941
0.207908
0.207908
0.205973
0.207586
0.208231
0.207586
0.207908
0.206941
0.208553
0.207908
0.207263
0.207908
0.207263
0.208876
0.208231
0.209843
0.210811
0.210166
0.207908
0.208231
0.207908
0.208231
0.208231
0.207263
0.206618
0.208553
0.207586
0.207908
0.207586
0.207908
0.208876
0.208876
0.207908
0.208231
0.208231
0.208553
0.207908
0.211778
0.207908
0.209521
0.208231
0.206618
0.207586
0.208553
0.206941
0.206941
0.207586
0.207908
0.207586
0.206941
0.206618
0.206618
0.207263
0.207586
0.207263
0.207263
0.207263
0.207263
0.207263
0.206941
0.207263
0.209198
0.208553
0.208231
0.208553
0.208876
0.208876
0.209198
0.209198
0.209521
0.210811
0.205651
0.208553
0.210488
0.209521
0.208876
0.209521
0.209843
0.209198
0.209198
0.208553
0.208876
0.208231
0.209198
0.209843
0.208231
0.208876
0.210166
0.209843
0.208231
0.209521
0.209521
0.208876
0.208876
0.208553
0.209843
0.209521
0.208553
0.209843
0.209198
0.209521
0.209198
0.208876
0.208876
0.209198
0.209521
0.211133
0.208231
0.208553
0.208876
0.208876
0.208231
0.208553
0.208876
0.208876
0.207586
0.206296
0.207908
0.207263
0.207908
0.207586
0.206618
0.208231
0.208553
0.206941
0.207586
0.207908
0.207263
0.207263
0.206618
0.207263
0.206618
0.207263
0.205973
0.205651
0.206941
0.206296
0.205973
0.205651
0.205651
0.206296
0.205973
0.205328
0.205328
0.205651
0.205006
0.206296
0.205973
0.206618
0.206618
0.205328
0.205328
0.205328
0.208231
0.205651
0.205651
0.206296
0.205006
0.206296
0.205006
0.205328
0.204684
0.205006
0.205973
0.206618
0.205006
0.206618
0.207586
0.207586
0.207263
0.208231
0.208553
0.206941
0.205651
0.209843
0.207586
0.207586
0.205973
0.207586
0.207263
0.206296
0.206296
0.207586
0.207908
0.206941
0.207263
0.207263
0.203071
0.207263
0.207586
0.207263
0.208231
0.207263
0.208553
0.207586
0.206941
0.207908
0.208553
0.209521
0.207908
0.207908
0.209198
0.208876
0.208876
0.208553
0.210488
0.209843
0.210166
0.210488
0.210488
0.209198
0.210166
0.209521
0.209843
0.209843
0.210166
0.210166
0.209843
0.209521
0.209843
0.209521
0.209198
0.209843
0.210166
0.209521
0.209843
0.208553
0.209198
0.209843
0.209198
0.208553
0.209521
0.209198
0.209843
0.210166
0.209843
0.209843
0.209198
0.209198
0.209843
0.208876
0.209521
0.209843
0.209198
0.208876
0.210166
0.208231
0.208231
0.206618
0.207908
0.207908
0.208876
0.209521
0.210166
0.208876
0.209521
0.210166
0.208553
0.209198
0.209521
0.208553
0.207586
0.208553
0.208553
0.208231
0.208231
0.208231
0.209198
0.204684
0.208876
0.209198
0.208876
0.208876
0.210811
0.209843
0.209521
0.209521
0.210166
0.209198
0.209198
0.208553
0.208553
0.207908
0.206941
0.207586
0.207586
0.208231
0.207908
0.207908
0.207908
0.208876
0.209521
0.207586
0.207908
0.208553
0.209521
0.208231
0.207908
0.208231
0.207908
0.208231
0.207263
0.207263
0.212745
0.208553
0.207263
0.207908
0.207586
0.207908
0.207263
0.207263
0.208553
0.208876
0.208876
0.208231
0.206618
0.207586
0.207908
0.208231
0.207263
0.206941
0.207263
0.207908
0.207908
0.208231
0.207263
0.207586
0.207908
0.208876
0.207586
0.207586
0.207263
0.207586
0.207908
0.208231
0.208231
0.208553
0.208553
0.209198
0.208231
0.209198
0.208553
0.209198
0.208231
0.209521
0.208553
0.209198
0.209521
0.210488
0.209198
0.205651
0.209198
0.208553
0.208231
0.208553
0.207908
0.209198
0.209521
0.208231
0.207908
0.209198
0.208553
0.209843
0.209198
0.210811
0.208876
0.209843
0.208231
0.207908
0.207908
0.209521
0.209521
0.207908
0.208231
0.210811
0.209198
0.208231
0.207908
0.208876
0.208553
0.208231
0.207908
0.208553
0.208553
0.208231
0.211778
0.208231
0.206941
0.207586
0.207263
0.208231
0.207908
0.208876
0.208231
0.207586
0.207586
0.208231
0.208876
0.208553
0.207263
0.207586
0.208553
0.208553
0.208231
0.208876
0.209521
0.208876
0.207908
0.206941
0.209198
0.208876
0.207586
0.207586
0.208553
0.207263
0.208553
0.207586
0.207586
0.206618
0.205328
0.205651
0.206941
0.206296
0.207263
0.208553
0.207586
0.207586
0.208876
0.208231
0.206618
0.208231
0.207908
0.207908
0.207586
0.207263
0.207586
0.206941
0.207263
0.206296
0.207908
0.206941
0.207908
0.207908
0.208553
0.207908
0.207908
0.208553
0.209198
0.207908
0.208231
0.207908
0.208231
0.207263
0.207586
0.210488
0.207908
0.204684
0.208231
0.208231
0.208553
0.208231
0.207586
0.207586
0.209198
0.208553
0.207586
0.205006
0.207908
0.206941
0.206296
0.205651
0.205651
0.205973
0.205006
0.205973
0.205973
0.207263
0.206296
0.205651
0.206941
0.207263
0.207908
0.206941
0.206296
0.206296
0.206618
0.205973
0.206618
0.204361
0.205006
0.206941
0.204684
0.206296
0.206296
0.206296
0.205973
0.205973
0.205651
0.207263
0.206618
0.206296
0.204684
0.207908
0.207908
0.208231
0.207586
0.208231
0.208231
0.208876
0.208553
0.208553
0.209521
0.208553
0.208876
0.208876
0.208876
0.209843
0.210166
0.209198
0.209521
0.210166
0.208876
0.210488
0.210488
0.209198
0.209521
0.208231
0.210166
0.211778
0.210811
0.210166
0.210166
0.211133
0.210488
0.210811
0.205651
0.210166
0.210166
0.211133
0.210488
0.210166
0.210488
0.209521
0.210488
0.209843
0.210166
0.211133
0.210488
0.211133
0.210811
0.211778
0.211778
0.211455
0.210488
0.210488
0.211455
0.211133
0.209843
0.210166
0.209198
0.211133
0.209843
0.210488
0.210166
0.210166
0.211133
0.210811
0.210488
0.211455
0.211455
0.214680
0.210811
0.211455
0.211778
0.211455
0.211133
0.210166
0.210166
0.211133
0.210488
0.210488
0.211133
0.210811
0.211778
0.211133
0.210488
0.210811
0.210166
0.208876
0.208231
0.210488
0.209843
0.209521
0.209843
0.209843
0.208876
0.209843
0.209521
0.208553
0.209521
0.209198
0.208231
0.208553
0.208231
0.208553
0.209521
0.209198
0.209198
0.209521
0.209521
0.208553
0.208876
0.208231
0.208553
0.208876
0.208231
0.208553
0.205973
0.209198
0.208876
0.208876
0.209198
0.208553
0.207908
0.207263
0.208231
0.207263
0.206296
0.205328
0.206941
0.207263
0.206296
0.205651
0.206618
0.205973
0.206618
0.204039
0.204684
0.205651
0.205973
0.205006
0.205328
0.205973
0.208231
0.206618
0.206296
0.207908
0.208553
0.208876
0.208876
0.207908
0.208553
0.211455
0.208876
0.208553
0.209521
0.208231
0.208553
0.208231
0.209198
0.209198
0.209198
0.207908
0.207586
0.207908
0.208231
0.208553
0.208231
0.208553
0.209198
0.209198
0.209521
0.207908
0.209198
0.209521
0.210811
0.210166
0.210811
0.210166
0.209521
0.209843
0.208876
0.210488
0.210166
0.209521
0.209521
0.213068
0.209843
0.210166
0.209198
0.209843
0.209843
0.208553
0.207586
0.208876
0.208876
0.209198
0.208876
0.206618
0.209198
0.209843
0.209521
0.209843
0.210488
0.209843
0.209843
0.209843
0.208876
0.210166
0.209521
0.209198
0.208876
0.210811
0.209843
0.209521
0.208553
0.208553
0.208231
0.208553
0.208231
0.208553
0.209198
0.207908
0.209521
0.209198
0.207586
0.208553
0.209198
0.208231
0.208553
0.208876
0.207586
0.208553
0.210166
0.207586
0.209521
0.210488
0.209843
0.209843
0.209521
0.209843
0.209521
0.209521
0.209198
0.210166
0.209843
0.210166
0.209521
0.209843
0.211133
0.209843
0.209198
0.209843
0.210166
0.210811
0.210166
0.210488
0.210166
0.210166
0.210811
0.211778
0.211778
0.210811
0.211778
0.210488
0.210166
0.211133
0.208231
0.213390
0.210166
0.210811
0.211778
0.211133
0.210811
0.210811
0.209843
0.210488
0.209521
0.209198
0.209843
0.208553
0.208231
0.209198
0.208553
0.207908
0.208876
0.207908
0.208553
0.209198
0.207908
0.207263
0.207908
0.208231
0.208876
0.209198
0.209198
0.209198
0.209521
0.210166
0.207908
0.207263
0.207908
0.211133
0.207586
0.206618
0.208231
0.207908
0.207908
0.206296
0.207263
0.207908
0.208876
0.207908
0.209843
0.208876
0.210811
0.209521
0.209843
0.210166
0.210166
0.208876
0.209521
0.209198
0.209198
0.209843
0.209521
0.207908
0.208876
0.208553
0.209843
0.208876
0.208876
0.207908
0.209198
0.209521
0.208876
0.208553
0.210811
0.209843
0.210166
0.210166
0.209843
0.209521
0.210488
0.210166
0.211455
0.211778
0.210488
0.210811
0.210166
0.210166
0.210488
0.210166
0.211133
0.210811
0.210166
0.210166
0.211133
0.210488
0.211133
0.209198
0.210811
0.209843
0.211133
0.210166
0.210811
0.209843
0.208876
0.209843
0.209843
0.209521
0.209843
0.209843
0.208553
0.208553
0.209521
0.210166
0.207908
0.206941
0.208553
0.207908
0.207586
0.206941
0.206296
0.210811
0.206618
0.205973
0.205651
0.205973
0.206618
0.206618
0.206618
0.206618
0.206618
0.206941
0.207586
0.207586
0.206941
0.209198
0.207908
0.208876
0.209843
0.209521
0.209198
0.209521
0.207908
0.210166
0.210488
0.210166
0.210488
0.210488
0.210811
0.210811
0.211133
0.210488
0.209521
0.212745
0.210488
0.206941
0.209521
0.211455
0.210166
0.211133
0.211455
0.211778
0.211778
0.211778
0.212100
0.212423
0.212745
0.212100
0.211133
0.211778
0.211778
0.212745
0.212100
0.212423
0.212745
0.212423
0.212423
0.213390
0.213068
0.213068
0.211778
0.213068
0.213068
0.212423
0.212423
0.211133
0.211455
0.212423
0.212100
0.212100
0.213068
0.211778
0.209521
0.208876
0.210488
0.209843
0.210166
0.209521
0.208876
0.208553
0.207263
0.207908
0.204039
0.206618
0.206618
0.208876
0.207586
0.205328
0.204361
0.206296
0.205651
0.205006
0.205651
0.205006
0.205328
0.206296
0.206618
0.206296
0.206941
0.206941
0.207263
0.207586
0.206618
0.206618
0.206296
0.205973
0.205006
0.205328
0.205328
0.206296
0.207908
0.205328
0.207263
0.207263
0.205973
0.206941
0.207908
0.212423
0.208553
0.207908
0.208553
0.207908
0.207586
0.207586
0.209198
0.209198
0.208231
0.209198
0.209198
0.208553
0.209198
0.208231
0.208553
0.209843
0.208553
0.208231
0.209198
0.209843
0.209521
0.208231
0.210488
0.210811
0.209521
0.208231
0.208553
0.209198
0.208876
0.208553
0.209843
0.210488
0.211133
0.206296
0.211133
0.209521
0.210166
0.209521
0.208231
0.207586
0.207908
0.206941
0.207908
0.207263
0.207263
0.207586
0.207908
0.207586
0.206941
0.206941
0.208231
0.207586
0.206941
0.206296
0.207263
0.207263
0.206296
0.206618
0.207263
0.207263
0.206941
0.206296
0.208231
0.207263
0.207263
0.207263
0.208231
0.207586
0.205973
0.208231
0.208231
0.208553
0.208876
0.207908
0.208876
0.208553
0.208231
0.208876
0.208231
0.209198
0.208231
0.208876
0.209843
0.208231
0.208231
0.209198
0.209521
0.208876
0.209198
0.210488
0.209521
0.208553
0.208553
0.209198
0.209198
0.208876
0.209198
0.209521
0.211133
0.209198
0.209198
0.210811
0.211778
0.210488
0.209843
0.210488
0.209521
0.210488
0.210811
0.209843
0.208231
0.209198
0.209521
0.208876
0.208876
0.206618
0.210166
0.209198
0.208231
0.209198
0.208876
0.209198
0.208553
0.209198
0.207586
0.207908
0.206618
0.207263
0.207908
0.207908
0.206941
0.206618
0.206618
0.207586
0.206941
0.205973
0.205973
0.205973
0.206296
0.205651
0.205651
0.205328
0.205973
0.205006
0.205651
0.207263
0.207586
0.207586
0.206296
0.206941
0.211778
0.208231
0.207908
0.207586
0.206618
0.207586
0.206618
0.207908
0.207263
0.208553
0.207263
0.207263
0.206941
0.207586
0.208553
0.207908
0.210166
0.208876
0.208876
0.208876
0.208231
0.209521
0.209521
0.209521
0.208553
0.209198
0.209843
0.209521
0.209198
0.208231
0.208231
0.209843
0.208553
0.208231
0.213390
0.210488
0.208876
0.209843
0.206941
0.209198
0.208876
0.207908
0.206941
0.207908
0.209843
0.208553
0.207908
0.208553
0.209521
0.210166
0.208553
0.208876
0.210488
0.210166
0.209198
0.208876
0.209843
0.209198
0.209843
0.209843
0.208553
0.209843
0.209521
0.208876
0.209198
0.208553
0.209521
0.209521
0.209198
0.210488
0.209521
0.208231
0.208553
0.208876
0.207586
0.206941
0.207586
0.207908
0.209521
0.208553
0.208231
0.205651
0.209198
0.208553
0.209843
0.208553
0.208876
0.208553
0.209521
0.208876
0.208553
0.209198
0.209843
0.209521
0.210166
0.210488
0.210166
0.210166
0.210166
0.209843
0.210811
0.210811
0.210811
0.209521
0.210488
0.211455
0.210811
0.209521
0.210811
0.209843
0.210488
0.209843
0.210811
0.209521
0.209843
0.208553
0.213713
0.210488
0.211455
0.209843
0.211133
0.209521
0.210811
0.210811
0.210488
0.210166
0.210166
0.209843
0.211455
0.210166
0.208876
0.208553
0.211133
0.208876
0.208231
0.209521
0.208231
0.208231
0.207908
0.207586
0.208553
0.208553
0.207263
0.207908
0.207263
