Samp. Freq.(Hz)   Sample#   Pulse Length (ms)
10000.000000	5000.000000	50.000000
	
Voltage(V) 
0.137609
0.141801
0.141801
0.142769
0.141801
0.140511
0.141479
0.141479
0.141801
0.141156
0.141479
0.142769
0.142769
0.141156
0.140834
0.143091
0.141156
0.142124
0.142124
0.141801
0.142769
0.141156
0.141156
0.142124
0.141801
0.142446
0.142124
0.141479
0.141479
0.142124
0.141479
0.141479
0.141801
0.141801
0.141801
0.141801
0.141479
0.141479
0.141801
0.141801
0.141479
0.140189
0.141801
0.142124
0.141479
0.142124
0.141801
0.142124
0.140511
0.141801
0.140834
0.141156
0.140189
0.141479
0.139866
0.141156
0.140834
0.142446
0.141479
0.142124
0.141479
0.141479
0.143413
0.142446
0.141156
0.142446
0.142769
0.141801
0.142769
0.142446
0.142124
0.141801
0.141801
0.141479
0.142124
0.142446
0.141801
0.141801
0.142446
0.142446
0.142124
0.142446
0.142446
0.143091
0.143091
0.142769
0.142124
0.142124
0.143413
0.142769
0.142769
0.141801
0.143091
0.143091
0.143413
0.141479
0.142446
0.143736
0.143091
0.142124
0.141801
0.143413
0.143736
0.142769
0.142124
0.142769
0.146316
0.143413
0.142446
0.141801
0.142769
0.142124
0.141801
0.141801
0.143413
0.143091
0.139866
0.141801
0.142769
0.143091
0.143413
0.142769
0.142446
0.142446
0.143736
0.142446
0.141801
0.142124
0.143413
0.141801
0.141801
0.142124
0.142124
0.142124
0.142769
0.141156
0.141801
0.141479
0.142124
0.141479
0.141156
0.140189
0.143413
0.141156
0.140189
0.140511
0.142124
0.142124
0.140834
0.140834
0.140834
0.141801
0.141156
0.140511
0.141156
0.141479
0.141156
0.140189
0.140511
0.141156
0.141156
0.140834
0.140834
0.140189
0.141479
0.140834
0.141479
0.141156
0.141156
0.141156
0.141801
0.142124
0.144703
0.142446
0.140834
0.142124
0.141801
0.145026
0.141801
0.142124
0.141801
0.141479
0.136964
0.141479
0.142769
0.142446
0.142124
0.139221
0.143091
0.141479
0.142446
0.141479
0.141479
0.141801
0.140834
0.141801
0.140834
0.141479
0.141156
0.141801
0.141156
0.141479
0.141479
0.141801
0.141801
0.141479
0.141801
0.142124
0.141156
0.141479
0.141156
0.141801
0.141156
0.141156
0.140834
0.141801
0.141156
0.140834
0.140834
0.140834
0.141156
0.141156
0.139221
0.141479
0.141801
0.141801
0.140834
0.141479
0.142124
0.142446
0.140834
0.141479
0.142124
0.141801
0.141156
0.141156
0.141479
0.142124
0.142769
0.141801
0.141156
0.143091
0.142446
0.139866
0.137286
0.135029
0.131482
0.127935
0.123420
0.121163
0.117938
0.115681
0.112456
0.109876
0.108264
0.106006
0.103427
0.100847
0.098590
0.098267
0.096655
0.093108
0.092463
0.091495
0.090850
0.089238
0.086658
0.086013
0.086658
0.086013
0.082788
0.082466
0.081498
0.081821
0.081176
0.078919
0.079564
0.079564
0.078919
0.076984
0.077306
0.076984
0.076984
0.075049
0.075371
0.075371
0.074727
0.073759
0.073759
0.072469
0.073759
0.073114
0.072147
0.073437
0.072469
0.073437
0.071824
0.070534
0.076339
0.071824
0.071179
0.071179
0.071179
0.069889
0.071179
0.069889
0.070212
0.070212
0.070212
0.070212
0.069889
0.069244
0.070212
0.069889
0.069567
0.068600
0.069889
0.070212
0.070212
0.069889
0.068600
0.069889
0.070857
0.069244
0.069889
0.070212
0.069244
0.070212
0.069889
0.069889
0.069889
0.067310
0.070534
0.069567
0.069567
0.069244
0.069567
0.068922
0.068922
0.069889
0.069567
0.069244
0.069567
0.068277
0.069567
0.069244
0.069244
0.069244
0.069244
0.069567
0.069244
0.069567
0.069244
0.068922
0.069244
0.068922
0.069244
0.068922
0.069244
0.069567
0.068922
0.068922
0.068600
0.068600
0.071824
0.068277
0.067955
0.069567
0.068600
0.072147
0.068600
0.069567
0.068600
0.069244
0.068922
0.068600
0.068600
0.069567
0.068277
0.067310
0.068600
0.069567
0.068600
0.067632
0.067955
0.068600
0.068922
0.068600
0.067955
0.068277
0.068600
0.068922
0.068277
0.067310
0.069567
0.069244
0.068277
0.067632
0.068922
0.068600
0.068277
0.068277
0.068922
0.068922
0.068277
0.068600
0.068277
0.068277
0.069244
0.068277
0.067310
0.068277
0.069567
0.068277
0.068600
0.068600
0.068922
0.068922
0.068922
0.067955
0.068277
0.069889
0.067632
0.068922
0.067632
0.069889
0.069244
0.068277
0.068922
0.070212
0.069244
0.068600
0.069567
0.069244
0.069889
0.068922
0.069244
0.069567
0.069244
0.069244
0.068600
0.069244
0.068922
0.069889
0.068922
0.068922
0.069244
0.069567
0.068600
0.068277
0.069244
0.069244
0.069889
0.069244
0.067632
0.068922
0.070212
0.068277
0.067955
0.068600
0.068600
0.068922
0.067632
0.068277
0.068277
0.068922
0.068922
0.068277
0.068600
0.068277
0.068600
0.068600
0.068922
0.067955
0.068277
0.068277
0.067955
0.067310
0.068277
0.067955
0.071502
0.067632
0.067955
0.067955
0.068277
0.065052
0.068600
0.068277
0.068922
0.067955
0.066987
0.067955
0.068277
0.067632
0.067955
0.067955
0.067955
0.068277
0.068922
0.068277
0.068277
0.067955
0.068600
0.068600
0.068600
0.067310
0.068922
0.068600
0.068600
0.067632
0.068277
0.068600
0.069244
0.067955
0.067632
0.068600
0.067955
0.068922
0.068600
0.067955
0.069567
0.068922
0.068600
0.068600
0.069567
0.068600
0.068600
0.067632
0.067632
0.068277
0.068600
0.068600
0.068600
0.069244
0.069244
0.068600
0.067632
0.069244
0.069244
0.069244
0.067632
0.068277
0.069244
0.069567
0.067955
0.068277
0.070212
0.069244
0.068277
0.066665
0.068600
0.072469
0.068922
0.068277
0.067955
0.067955
0.067955
0.068600
0.067632
0.068277
0.068922
0.067955
0.067632
0.067632
0.068277
0.068922
0.067310
0.066987
0.068277
0.069244
0.067632
0.066987
0.067955
0.067632
0.067955
0.067955
0.066665
0.069244
0.068600
0.067955
0.067310
0.068277
0.068277
0.066987
0.067955
0.066987
0.068277
0.068600
0.067310
0.067955
0.067632
0.069244
0.068600
0.067955
0.067310
0.068922
0.068600
0.067955
0.068600
0.068600
0.069244
0.067955
0.067310
0.069244
0.068600
0.068922
0.068277
0.067955
0.068277
0.068922
0.067632
0.068600
0.067955
0.068922
0.068600
0.068277
0.068277
0.069244
0.068277
0.068922
0.068600
0.067955
0.069244
0.069244
0.067632
0.068922
0.068922
0.067955
0.067955
0.068922
0.068600
0.067955
0.068922
0.067955
0.068600
0.068600
0.067632
0.069567
0.068922
0.068600
0.068600
0.068600
0.068277
0.069244
0.066987
0.067632
0.069889
0.068277
0.069244
0.068277
0.068600
0.069244
0.068600
0.068277
0.068600
0.068600
0.068277
0.070534
0.068600
0.067632
0.067955
0.067632
0.071824
0.068277
0.068600
0.069244
0.067632
0.066020
0.068600
0.067955
0.068600
0.068277
0.067310
0.068922
0.069244
0.067632
0.067632
0.067955
0.069244
0.068600
0.069889
0.074082
0.077951
0.081176
0.082788
0.086658
0.089238
0.091818
0.094397
0.095365
0.097945
0.100202
0.101492
0.103427
0.105362
0.106329
0.109231
0.109876
0.111166
0.111489
0.114713
0.113423
0.114713
0.116003
0.117616
0.118583
0.118583
0.117938
0.121485
0.121163
0.119873
0.122130
0.122775
0.124065
0.124065
0.124710
0.124065
0.125355
0.125677
0.125355
0.126322
0.125677
0.126967
0.127935
0.127612
0.126967
0.128257
0.127612
0.131159
0.129225
0.128257
0.128902
0.129547
0.130192
0.128902
0.128580
0.129870
0.130515
0.130192
0.130192
0.130515
0.130515
0.130837
0.130515
0.131482
0.130837
0.131804
0.131159
0.131159
0.131804
0.131804
0.131804
0.131159
0.130515
0.130837
0.131482
0.131482
0.131804
0.129870
0.131482
0.132449
0.131482
0.131804
0.132127
0.131804
0.132127
0.133417
0.131159
0.133094
0.132449
0.132127
0.132127
0.132449
0.130192
0.132449
0.132772
0.131482
0.132449
0.132449
0.133094
0.132127
0.131804
0.132772
0.133094
0.132449
0.132127
0.132772
0.133094
0.133094
0.131804
0.132449
0.132449
0.132449
0.131159
0.131804
0.132127
0.132127
0.131804
0.132772
0.131804
0.134062
0.131482
0.132772
0.131482
0.133739
0.132127
0.132449
0.132449
0.134062
0.131804
0.133739
0.132449
0.134062
0.132772
0.133739
0.132772
0.133417
0.133094
0.134062
0.132449
0.133739
0.133094
0.134062
0.133094
0.133739
0.132449
0.133739
0.133417
0.134384
0.132772
0.134384
0.133739
0.133739
0.132772
0.136319
0.133417
0.131804
0.135352
0.134384
0.137609
0.134062
0.133417
0.132772
0.133094
0.133094
0.133094
0.132772
0.133094
0.133417
0.131804
0.133094
0.133417
0.132772
0.133094
0.133739
0.133417
0.133094
0.134062
0.134062
0.132449
0.133739
0.134707
0.132449
0.133094
0.133739
0.132449
0.134062
0.132772
0.133417
0.132449
0.134707
0.133094
0.132772
0.133417
0.134707
0.133094
0.133417
0.134062
0.134062
0.133094
0.132772
0.133417
0.132772
0.133739
0.132772
0.133094
0.132772
0.133739
0.132449
0.132127
0.133094
0.133739
0.132772
0.133094
0.132127
0.133094
0.133094
0.133739
0.133739
0.133094
0.135674
0.134062
0.132449
0.133417
0.132127
0.137931
0.132449
0.133739
0.132449
0.134384
0.128257
0.134062
0.132449
0.134707
0.132772
0.132449
0.132449
0.134384
0.132449
0.132772
0.132449
0.133739
0.133417
0.134384
0.133417
0.132772
0.133094
0.134384
0.132449
0.135029
0.133094
0.133739
0.133094
0.133417
0.133417
0.134707
0.133417
0.133094
0.133094
0.133739
0.132772
0.133094
0.133417
0.133739
0.134062
0.133417
0.133094
0.134062
0.133739
0.133739
0.133417
0.133094
0.133739
0.134384
0.133094
0.132772
0.134384
0.134707
0.132772
0.134384
0.133417
0.133417
0.133417
0.135029
0.134062
0.134384
0.134384
0.134062
0.133739
0.133739
0.135029
0.134062
0.133417
0.134384
0.135352
0.134707
0.134384
0.135029
0.134384
0.135029
0.135029
0.134707
0.135029
0.135674
0.135352
0.135029
0.134707
0.136642
0.135997
0.135997
0.135674
0.136964
0.135997
0.135674
0.135997
0.135674
0.135997
0.135352
0.135997
0.134707
0.136319
0.135352
0.135674
0.134062
0.135352
0.135029
0.134707
0.134384
0.135029
0.134707
0.134062
0.134707
0.135352
0.134384
0.134707
0.134707
0.137931
0.135352
0.134707
0.134707
0.135674
0.133094
0.135029
0.134707
0.134384
0.133094
0.131804
0.134384
0.134384
0.133094
0.134384
0.134707
0.133417
0.134062
0.134384
0.133739
0.133739
0.134384
0.134384
0.134707
0.133417
0.133417
0.134062
0.134384
0.134062
0.134062
0.134707
0.134062
0.133739
0.134384
0.133417
0.134062
0.134062
0.133417
0.133417
0.132449
0.133094
0.134062
0.133417
0.133094
0.134707
0.134707
0.134384
0.133417
0.134384
0.134707
0.134062
0.133739
0.133739
0.134062
0.134384
0.133417
0.135029
0.134384
0.134707
0.134384
0.134707
0.136319
0.135674
0.135029
0.134707
0.135352
0.137609
0.135674
0.133739
0.135352
0.134707
0.136642
0.135674
0.134384
0.135352
0.136319
0.134062
0.134707
0.134707
0.135352
0.135352
0.133417
0.134062
0.135029
0.134707
0.134062
0.134062
0.135029
0.135352
0.135674
0.134707
0.134062
0.134707
0.135997
0.134384
0.134707
0.135997
0.135352
0.134384
0.135352
0.135029
0.134707
0.135352
0.135674
0.134384
0.134062
0.135029
0.133739
0.135029
0.134062
0.134707
0.133417
0.133739
0.134384
0.134384
0.133739
0.133739
0.133417
0.133094
0.134384
0.133739
0.133739
0.134707
0.134062
0.134062
0.134384
0.133417
0.135029
0.135352
0.133739
0.133417
0.134707
0.136319
0.134062
0.133417
0.134707
0.133739
0.136319
0.134384
0.134384
0.134707
0.135352
0.134384
0.135029
0.133094
0.135997
0.134062
0.134062
0.133094
0.135029
0.133417
0.134384
0.133094
0.135029
0.134062
0.135029
0.133094
0.135029
0.134384
0.134707
0.132772
0.135029
0.135029
0.134707
0.133739
0.134062
0.134384
0.135674
0.134384
0.133739
0.134384
0.135029
0.134384
0.133739
0.134707
0.135352
0.134384
0.133739
0.133739
0.135029
0.133739
0.133739
0.136964
0.134384
0.135029
0.134062
0.133739
0.133094
0.135674
0.134707
0.133739
0.134062
0.131482
0.135674
0.133417
0.135029
0.134062
0.134707
0.135029
0.133417
0.133739
0.134062
0.133739
0.133417
0.133094
0.134707
0.133417
0.132772
0.134384
0.134062
0.134062
0.134384
0.133739
0.134062
0.134707
0.135352
0.133417
0.135029
0.133739
0.134707
0.134384
0.134384
0.134707
0.135029
0.134062
0.134384
0.133739
0.134062
0.135029
0.134062
0.135352
0.134062
0.134707
0.135029
0.134384
0.133094
0.135029
0.134707
0.134062
0.133094
0.134062
0.134062
0.135674
0.134707
0.134384
0.134707
0.135352
0.134062
0.137931
0.134707
0.135029
0.134384
0.134707
0.134707
0.135997
0.134062
0.135029
0.134707
0.136642
0.134384
0.134384
0.135029
0.135674
0.134707
0.134384
0.134062
0.135674
0.134707
0.134707
0.133739
0.134707
0.135029
0.135674
0.133417
0.134707
0.134384
0.134707
0.134707
0.134062
0.134384
0.135674
0.134062
0.134062
0.134384
0.135352
0.134707
0.134707
0.134707
0.135029
0.135029
0.135029
0.135029
0.135674
0.135029
0.135674
0.134707
0.134384
0.134707
0.134707
0.134707
0.135352
0.134707
0.135029
0.134384
0.135352
0.133739
0.135352
0.135997
0.135674
0.135352
0.135674
0.134384
0.135997
0.135352
0.134384
0.135029
0.135352
0.135674
0.135029
0.134707
0.133739
0.135674
0.136319
0.134384
0.135029
0.134384
0.135029
0.135674
0.134707
0.135029
0.134707
0.135674
0.135029
0.134707
0.134707
0.135029
0.134707
0.134707
0.133739
0.134707
0.135352
0.135029
0.133739
0.135029
0.135029
0.135997
0.134384
0.134707
0.135029
0.135674
0.134707
0.133417
0.135352
0.134707
0.135674
0.135029
0.133739
0.135352
0.135352
0.134707
0.133417
0.134707
0.134707
0.135029
0.136642
0.133094
0.133739
0.134707
0.133417
0.132449
0.133417
0.134707
0.134707
0.133417
0.132772
0.135029
0.135029
0.134384
0.134384
0.135029
0.135674
0.135674
0.134707
0.135029
0.135674
0.136642
0.135029
0.134707
0.135997
0.135352
0.134384
0.134384
0.135352
0.135352
0.135029
0.135029
0.135352
0.135997
0.135352
0.135029
0.135029
0.135029
0.135674
0.135029
0.134384
0.135029
0.135029
0.135997
0.134062
0.135029
0.135029
0.135997
0.135997
0.134384
0.134707
0.136319
0.135029
0.135674
0.134384
0.135029
0.135997
0.134707
0.135674
0.135997
0.135029
0.136964
0.135674
0.135352
0.135674
0.135674
0.138899
0.134707
0.136319
0.135352
0.134384
0.130837
0.134707
0.135352
0.135352
0.135029
0.135029
0.135674
0.135352
0.135352
0.135674
0.135352
0.136319
0.134707
0.134707
0.135997
0.134707
0.134384
0.135674
0.135029
0.135674
0.134384
0.134384
0.135352
0.135029
0.134707
0.134707
0.134707
0.136319
0.136319
0.135997
0.134707
0.136964
0.136964
0.135997
0.135352
0.135674
0.136642
0.137609
0.135674
0.135352
0.135352
0.136964
0.136964
0.135352
0.135352
0.136642
0.135997
0.135997
0.135029
0.135029
0.135997
0.135674
0.135352
0.134707
0.135997
0.134707
0.134707
0.135997
0.135997
0.135997
0.135029
0.135352
0.135997
0.136642
0.135352
0.135029
0.135029
0.136642
0.135674
0.135352
0.134384
0.135352
0.135352
0.135029
0.135029
0.134707
0.134062
0.136319
0.136964
0.134384
0.134707
0.135029
0.135352
0.135352
0.134707
0.134707
0.135352
0.135352
0.135352
0.135352
0.134707
0.135352
0.135674
0.135352
0.135352
0.135029
0.135674
0.136319
0.135352
0.134384
0.135029
0.134384
0.136319
0.133739
0.134707
0.134384
0.138576
0.135997
0.135352
0.135029
0.135352
0.133739
0.135352
0.135029
0.136319
0.135674
0.135674
0.135674
0.135352
0.135997
0.136642
0.135674
0.136964
0.135674
0.136642
0.135997
0.135674
0.135997
0.136642
0.135997
0.135997
0.135997
0.137609
0.136642
0.136319
0.135352
0.135674
0.137609
0.135352
0.135674
0.135674
0.134062
0.138254
0.134707
0.135674
0.135352
0.136319
0.135997
0.135029
0.135997
0.135997
0.135352
0.137286
0.135352
0.135997
0.135997
0.136319
0.135674
0.136642
0.136642
0.135997
0.135997
0.136642
0.135352
0.135997
0.135997
0.135029
0.136964
0.135029
0.135029
0.135674
0.135029
0.139221
0.135029
0.135674
0.134384
0.135029
0.133094
0.135352
0.135997
0.135352
0.135674
0.132449
0.135029
0.135352
0.134384
0.134707
0.134384
0.135029
0.134707
0.135029
0.134384
0.135674
0.134384
0.134707
0.134384
0.133417
0.135352
0.134707
0.133739
0.135029
0.135029
0.135997
0.135352
0.132449
0.135352
0.134707
0.135352
0.133739
0.135352
0.134384
0.135029
0.135029
0.133739
0.134384
0.134384
0.134384
0.134707
0.133739
0.134062
0.135029
0.134707
0.134707
0.135352
0.135029
0.134384
0.134062
0.135674
0.135029
0.135029
0.133739
0.135029
0.135674
0.135997
0.133417
0.134707
0.135029
0.135352
0.133417
0.134384
0.134384
0.135029
0.135029
0.134384
0.134062
0.134384
0.134707
0.135352
0.134707
0.134384
0.134384
0.134707
0.134384
0.135029
0.135352
0.134384
0.133739
0.135352
0.134062
0.134707
0.133094
0.134707
0.135674
0.135029
0.134062
0.134384
0.135352
0.136319
0.133739
0.135029
0.135029
0.133739
0.135997
0.135029
0.134384
0.134384
0.135029
0.134707
0.133417
0.135352
0.135029
0.135674
0.135029
0.137286
0.135674
0.135674
0.135029
0.136964
0.140834
0.136964
0.135352
0.135674
0.137286
0.133739
0.135997
0.134707
0.136642
0.135997
0.136319
0.135674
0.134707
0.135029
0.136964
0.134707
0.135352
0.135352
0.135997
0.136319
0.135029
0.135674
0.136319
0.136319
0.135997
0.136319
0.135674
0.135997
0.135674
0.136319
0.136642
0.135352
0.135997
0.136319
0.137286
0.135352
0.136642
0.135352
0.135352
0.135997
0.137609
0.134707
0.134062
0.135352
0.135674
0.135029
0.135029
0.135352
0.135997
0.135352
0.135029
0.135674
0.135997
0.135674
0.135352
0.134707
0.135352
0.134707
0.135997
0.134062
0.134062
0.136964
0.135352
0.133739
0.134384
0.134384
0.138899
0.135029
0.134384
0.134707
0.135352
0.132449
0.134707
0.135029
0.134384
0.135352
0.134707
0.134062
0.135352
0.135997
0.135352
0.134384
0.135029
0.135029
0.135352
0.134062
0.134707
0.135029
0.135352
0.135352
0.135997
0.134384
0.136319
0.135674
0.134707
0.135029
0.135674
0.135029
0.135029
0.135352
0.135674
0.134707
0.135029
0.135997
0.135029
0.134384
0.136319
0.135997
0.135029
0.135029
0.135997
0.134707
0.134384
0.135674
0.135674
0.135674
0.134707
0.135997
0.135997
0.135029
0.134707
0.135674
0.135352
0.135997
0.135352
0.134707
0.134707
0.135352
0.135352
0.135674
0.135029
0.135352
0.135352
0.134707
0.134384
0.135352
0.135029
0.134384
0.134707
0.135674
0.134707
0.134707
0.134062
0.134384
0.135029
0.134384
0.133417
0.134707
0.134707
0.134384
0.134062
0.134707
0.135674
0.135674
0.134384
0.134384
0.135997
0.135674
0.135352
0.135352
0.134384
0.134707
0.135674
0.135674
0.135029
0.135352
0.135352
0.135352
0.135674
0.136964
0.136319
0.135674
0.136642
0.135997
0.135674
0.136319
0.135674
0.137609
0.135352
0.135997
0.136319
0.135674
0.135029
0.135674
0.136319
0.136319
0.136319
0.136964
0.136964
0.135674
0.135674
0.136964
0.136319
0.136642
0.135029
0.135674
0.136319
0.136964
0.136319
0.136319
0.135029
0.135997
0.136319
0.136319
0.136319
0.135997
0.136319
0.135029
0.136319
0.135997
0.136319
0.135352
0.135352
0.135352
0.135997
0.136642
0.135674
0.135352
0.135674
0.135674
0.134384
0.135997
0.135674
0.135674
0.135674
0.135029
0.135029
0.135674
0.136319
0.134384
0.134062
0.135029
0.133739
0.133739
0.135029
0.133739
0.135029
0.134062
0.135352
0.134062
0.135674
0.134062
0.134384
0.138254
0.133417
0.134707
0.134707
0.133739
0.133739
0.134384
0.135029
0.133739
0.134384
0.134707
0.135674
0.134384
0.134384
0.134062
0.135352
0.134062
0.135352
0.134707
0.135352
0.133417
0.134384
0.134384
0.135029
0.135029
0.133739
0.133739
0.134384
0.134707
0.134384
0.134707
0.135674
0.135029
0.135029
0.134384
0.135352
0.136642
0.135997
0.134707
0.135352
0.134707
0.135674
0.135352
0.135674
0.134707
0.135674
0.135029
0.135029
0.135352
0.135997
0.135997
0.133417
0.134384
0.135029
0.135997
0.135029
0.135029
0.135352
0.134707
0.134707
0.135029
0.135029
0.135674
0.135674
0.134384
0.134384
0.134384
0.135352
0.135997
0.134707
0.134384
0.134707
0.134062
0.133094
0.135352
0.134707
0.135029
0.134384
0.134062
0.134062
0.135997
0.135029
0.135352
0.135997
0.135352
0.134707
0.135029
0.135352
0.135997
0.136319
0.135352
0.135029
0.135997
0.135674
0.136319
0.135674
0.135674
0.136319
0.135997
0.134384
0.135352
0.136319
0.136642
0.135352
0.135997
0.135352
0.136319
0.135352
0.135997
0.135352
0.136319
0.139221
0.134707
0.136319
0.134707
0.135997
0.132449
0.135997
0.135674
0.135997
0.135352
0.130837
0.135997
0.136319
0.136964
0.134707
0.135674
0.135352
0.136964
0.136319
0.135997
0.136319
0.136642
0.136319
0.135674
0.136319
0.135674
0.136319
0.136964
0.135997
0.135674
0.136642
0.135997
0.135352
0.136964
0.136319
0.136319
0.135674
0.135029
0.135352
0.135997
0.135997
0.135674
0.135674
0.135997
0.134707
0.134384
0.135352
0.135997
0.135029
0.134707
0.135997
0.134384
0.135352
0.136319
0.135352
0.134384
0.136642
0.134384
0.134384
0.135352
0.135674
0.135997
0.136319
0.135674
0.135674
0.135674
0.140189
0.135029
0.136319
0.135997
0.136319
0.138576
0.135352
0.136319
0.136319
0.135352
0.136642
0.135674
0.135674
0.134707
0.135352
0.134707
0.136319
0.135674
0.135997
0.135674
0.135674
0.136642
0.136964
0.136964
0.136319
0.136319
0.136319
0.135674
0.136319
0.136319
0.135997
0.135997
0.136642
0.135029
0.135674
0.135029
0.135997
0.135352
0.135674
0.135674
0.135674
0.135674
0.135997
0.135674
0.135674
0.136319
0.136964
0.135997
0.135997
0.135352
0.136319
0.136964
0.136319
0.135674
0.135674
0.135352
0.135674
0.134707
0.135674
0.136319
0.135029
0.134062
0.136319
0.134707
0.134707
0.136964
0.135674
0.136642
0.137286
0.135352
0.135029
0.136642
0.136964
0.136964
0.136319
0.135997
0.136319
0.137286
0.136319
0.136642
0.137286
0.136964
0.136964
0.135997
0.136319
0.136964
0.136642
0.135997
0.136319
0.136642
0.136319
0.136642
0.135352
0.136319
0.136319
0.136964
0.135352
0.135674
0.135352
0.136319
0.136319
0.136319
0.136642
0.136964
0.135674
0.135674
0.135674
0.135997
0.135997
0.136319
0.135674
0.136642
0.136319
0.135997
0.135997
0.136964
0.139544
0.136642
0.136319
0.135997
0.136964
0.132449
0.135674
0.136319
0.136319
0.136319
0.132449
0.135352
0.136319
0.136319
0.135997
0.135352
0.135352
0.135997
0.136319
0.135029
0.136319
0.136642
0.136319
0.135997
0.135352
0.134707
0.135997
0.135997
0.135352
0.135997
0.135674
0.135997
0.135352
0.135352
0.135674
0.137286
0.136642
0.136319
0.136319
0.136319
0.135997
0.136642
0.136319
0.137286
0.137286
0.136642
0.137286
0.136964
0.135997
0.136319
0.137609
0.137286
0.136642
0.137286
0.135997
0.136964
0.138576
0.136964
0.136964
0.137609
0.136642
0.139866
0.135997
0.136319
0.135997
0.136964
0.140189
0.135674
0.136319
0.135997
0.136319
0.133739
0.136964
0.136319
0.137286
0.135674
0.132772
0.135674
0.136642
0.136319
0.136319
0.135674
0.136642
0.135997
0.134384
0.136319
0.136319
0.135352
0.135674
0.136319
0.135674
0.135674
0.134707
0.135029
0.135352
0.136319
0.136319
0.135029
0.135997
0.135997
0.136642
0.135029
0.135997
0.135674
0.136319
0.135352
0.134707
0.135029
0.135674
0.135997
0.135352
0.135674
0.135352
0.135997
0.134707
0.135674
0.135997
0.135674
0.135674
0.135352
0.136642
0.135997
0.136319
0.135352
0.135997
0.136642
0.135997
0.135352
0.136319
0.135674
0.137286
0.135997
0.135997
0.137286
0.137286
0.137609
0.137286
0.135997
0.136642
0.137931
0.136642
0.135674
0.137286
0.136964
0.136642
0.135997
0.134707
0.136319
0.137286
0.135352
0.135674
0.135997
0.137609
0.135352
0.136319
0.135997
0.136964
0.136964
0.135997
0.135674
0.136642
0.136642
0.135997
0.135997
0.135997
0.136964
0.136642
0.135674
0.135997
0.136319
0.136319
0.136642
0.135674
0.135352
0.136642
0.136642
0.135674
0.138899
0.135997
0.136319
0.135997
0.136319
0.134707
0.135674
0.136319
0.136319
0.135029
0.131804
0.135352
0.136319
0.135674
0.135674
0.135029
0.135674
0.135997
0.135352
0.134707
0.135352
0.135352
0.135674
0.135997
0.135029
0.135997
0.135352
0.135029
0.135997
0.136319
0.135674
0.135352
0.135674
0.136319
0.136964
0.136964
0.135352
0.136319
0.136642
0.136642
0.136642
0.137286
0.136964
0.137286
0.136964
0.134707
0.136319
0.136319
0.136642
0.135674
0.135674
0.136964
0.136964
0.135674
0.135352
0.136964
0.136964
0.136964
0.136642
0.135674
0.136319
0.137931
0.136319
0.135674
0.136319
0.136319
0.138899
0.135352
0.135674
0.135997
0.135997
0.135674
0.135029
0.135029
0.135674
0.135352
0.131804
0.134384
0.136964
0.135352
0.135029
0.134707
0.135352
0.135997
0.134384
0.135029
0.136319
0.135674
0.135674
0.135352
0.134707
0.135029
0.135352
0.135352
0.135674
0.136319
0.135997
0.135997
0.135352
0.135029
0.134707
0.134384
0.134707
0.135352
0.134707
0.134707
0.135674
0.135352
0.135674
0.135997
0.135029
0.135997
0.135674
0.135352
0.135674
0.136319
0.135029
0.135997
0.135029
0.136319
0.136642
0.136964
0.135029
0.136642
0.136964
0.136964
0.135997
0.136319
0.136319
0.137286
0.136642
0.135352
0.135674
0.136964
0.136319
0.135997
0.135352
0.136642
0.136964
0.136319
0.135674
0.136964
0.136964
0.137286
0.135674
0.136642
0.135997
0.137286
0.136319
0.135352
0.136642
0.137286
0.136319
0.136319
0.135997
0.136964
0.137286
0.136319
0.135997
0.136319
0.136642
0.135674
0.135997
0.135674
0.136319
0.136642
0.135674
0.136319
0.136319
0.135674
0.135997
0.135674
0.135674
0.136319
0.135997
0.135352
0.135352
0.138254
0.135352
0.136319
0.135997
0.135352
0.139544
0.135029
0.135352
0.135352
0.134707
0.131482
0.134707
0.135674
0.135352
0.134384
0.135029
0.135352
0.136642
0.135029
0.134384
0.135352
0.135997
0.136319
0.135029
0.135352
0.136319
0.135997
0.135997
0.135352
0.135997
0.135674
0.136319
0.135674
0.136642
0.135352
0.135674
0.136319
0.135029
0.135997
0.137609
0.135997
0.135674
0.136319
0.136964
0.136642
0.135997
0.135674
0.135997
0.137609
0.136642
0.135352
0.137931
0.137286
0.137609
0.136642
0.136964
0.137931
0.137286
0.136319
0.136642
0.137609
0.137286
0.136964
0.136319
0.135997
0.137609
0.139866
0.136319
0.136642
0.136642
0.136964
0.140511
0.135997
0.136319
0.137609
0.136319
0.131159
0.136964
0.136642
0.136642
0.136319
0.136642
0.135997
0.136642
0.135674
0.136319
0.135997
0.136642
0.135352
0.135352
0.135997
0.135674
0.135674
0.135352
0.135674
0.135029
0.135029
0.136964
0.135997
0.136964
0.136642
0.136642
0.136642
0.137286
0.137286
0.136964
0.136642
0.136964
0.136964
0.136964
0.136964
0.136964
0.138576
0.138254
0.137286
0.137286
0.137931
0.137286
0.136964
0.136964
0.137609
0.136964
0.138254
0.136319
0.136964
0.137609
0.138254
0.136319
0.136964
0.137609
0.137931
0.137286
0.137286
0.136964
0.137609
0.137931
0.136964
0.136964
0.137931
0.137609
0.137609
0.137286
0.137286
0.137609
0.138254
0.136319
0.136964
0.137286
0.137609
0.137286
0.136964
0.136964
0.138576
0.137609
0.136642
0.136319
0.137931
0.136964
0.137609
0.135352
0.136319
0.138576
0.135674
0.136319
0.136319
0.136964
0.137286
0.136642
0.135997
0.136642
0.136964
0.135352
0.135997
0.135029
0.136642
0.135997
0.135674
0.136642
0.135997
0.136319
0.135352
0.135997
0.140834
0.135997
0.136964
0.135674
0.136319
0.132772
0.137286
0.136319
0.136319
0.136319
0.136319
0.135352
0.136964
0.135997
0.136319
0.135674
0.136964
0.135674
0.136319
0.135674
0.135997
0.136319
0.136319
0.135674
0.136642
0.135997
0.136642
0.136319
0.135674
0.135997
0.136964
0.136642
0.135352
0.136319
0.135352
0.136319
0.136319
0.136319
0.136964
0.136964
0.136964
0.136964
0.136642
0.136964
0.137609
0.135997
0.136319
0.136964
0.136642
0.136319
0.135352
0.136319
0.136964
0.137286
0.135352
0.135674
0.136642
0.137286
0.135997
0.136319
0.135997
0.136964
0.137286
0.136319
0.135029
0.136964
0.139221
0.135674
0.136642
0.136642
0.136642
0.132449
0.135997
0.136319
0.136642
0.136319
0.134707
0.135997
0.135352
0.136319
0.135674
0.135029
0.135029
0.137609
0.136319
0.136642
0.136319
0.137609
0.135997
0.136319
0.135674
0.136964
0.136964
0.136964
0.136642
0.136642
0.136964
0.137931
0.137286
0.137609
0.137286
0.137286
0.137931
0.137286
0.135674
0.137931
0.137286
0.137609
0.136964
0.136964
0.137286
0.136964
0.137286
0.137609
0.137609
0.136964
0.137286
0.136964
0.136964
0.136964
0.137286
0.136964
0.136964
0.136642
0.136319
0.137286
0.137286
0.136642
0.136964
0.137609
0.136642
0.137609
0.136964
0.136964
0.137609
0.138899
0.137609
0.136964
0.138254
0.137931
0.136964
0.136642
0.136964
0.136642
0.136964
0.136319
0.136964
0.137931
0.137286
0.136642
0.136642
0.136319
0.136642
0.135997
0.135352
0.136964
0.136964
0.135674
0.136319
0.135674
0.136319
0.137286
0.135352
0.135997
0.136319
0.135997
0.137609
0.136964
0.135674
0.135674
0.136964
0.134707
0.136319
0.136964
0.136319
0.135997
0.135674
0.139544
0.136642
0.136964
0.135029
0.135029
0.131804
0.135997
0.136319
0.135352
0.136319
0.135352
0.135674
0.134384
0.135674
0.135997
0.136319
0.135352
0.135674
0.135029
0.136319
0.135674
0.135352
0.135352
0.136964
0.135674
0.135997
0.135997
0.135997
0.136319
0.135997
0.135029
0.136319
0.135997
0.136319
0.135352
0.134707
0.135674
0.136642
0.135029
0.135029
0.136642
0.136642
0.135674
0.135674
0.135029
0.135997
0.136319
0.135997
0.135997
0.136319
0.135997
0.136319
0.136319
0.135029
0.136319
0.135997
0.136319
0.136319
0.136319
0.136642
0.136319
0.135352
0.136642
0.136964
0.135029
0.134707
0.138899
0.135352
0.135352
0.135674
0.135997
0.135029
0.135352
0.136642
0.135674
0.135352
0.134384
0.135352
0.135352
0.135674
0.135997
0.135352
0.136642
0.136642
0.135674
0.135997
0.136642
0.136642
0.136319
0.137286
0.135997
0.135674
0.136319
0.136319
0.137286
0.136642
0.136642
0.136964
0.137286
0.135352
0.137286
0.135997
0.136642
0.136642
0.136642
0.136642
0.137931
0.136319
0.136642
0.137286
0.137286
0.136319
0.136319
0.136319
0.137609
0.137286
0.135674
0.137609
0.137609
0.137609
0.137286
0.136319
0.136964
0.138254
0.137931
0.136319
0.136964
0.137286
0.137931
0.136319
0.136642
0.136964
0.137609
0.136964
0.136642
0.136642
0.137609
0.136319
0.136642
0.136319
0.136964
0.136964
0.136642
0.136642
0.136319
0.137609
0.136964
0.135997
0.135674
0.136642
0.136319
0.135997
0.135352
0.135352
0.136964
0.135997
0.136319
0.135674
0.135674
0.135997
0.135674
0.135029
0.134707
0.136964
0.135352
0.135352
0.135674
0.135674
0.135997
0.136964
0.135352
0.136319
0.135997
0.135997
0.135997
0.135997
0.135352
0.137286
0.136964
0.135674
0.134062
0.135997
0.138899
0.135674
0.135029
0.135674
0.135674
0.131159
0.135674
0.135997
0.135997
0.135674
0.135029
0.135997
0.135674
0.136319
0.135674
0.135997
0.135029
0.135674
0.135997
0.136964
0.135674
0.135997
0.136319
0.136319
0.135674
0.135674
0.135997
0.136319
0.136964
0.135352
0.135352
0.136319
0.135997
0.135997
0.135352
0.135997
0.135997
0.136642
0.135674
0.135352
0.136642
0.136319
0.136642
0.135674
0.135352
0.136319
0.136319
0.135674
0.134707
0.135674
0.135674
0.135997
0.135029
0.134707
0.135997
0.136642
0.135674
0.136642
0.135674
0.137931
0.137931
0.136964
0.137286
0.136964
0.137609
0.136964
0.139221
0.137286
0.137286
0.136642
0.136319
0.139544
0.137286
0.136964
0.136319
0.136319
0.136964
0.136964
0.135997
0.136642
0.136642
0.136642
0.136964
0.135997
0.136319
0.136964
0.137286
0.135997
0.136964
0.136642
0.136642
0.136642
0.135352
0.135674
0.136964
0.136964
0.135674
0.136642
0.136964
0.136964
0.136642
0.135997
0.136642
0.137931
0.136964
0.136319
0.136642
0.135997
0.137609
0.136642
0.136319
0.135997
0.136964
0.136319
0.136319
0.135674
0.136964
0.137286
0.136319
0.135352
0.135352
0.136964
0.136319
0.135029
0.135997
0.136319
0.136964
0.135674
0.135997
0.136642
0.136964
0.135352
0.136319
0.136319
0.136964
0.136319
0.136964
0.136319
0.136319
0.137286
0.136319
0.136642
0.137286
0.136964
0.137286
0.136964
0.137609
0.137609
0.139221
0.138576
0.138576
0.137931
0.139221
0.138254
0.138899
0.138899
0.138254
0.138899
0.138899
0.138576
0.138576
0.137609
0.138899
0.138576
0.138254
0.138254
0.138254
0.137931
0.138899
0.138254
0.137609
0.137931
0.138899
0.138254
0.137931
0.137609
0.137286
0.141156
0.137931
0.137286
0.137286
0.137931
0.142124
0.137609
0.137286
0.137931
0.135674
0.135997
0.137286
0.137609
0.137609
0.136964
0.135997
0.136642
0.136964
0.137609
0.136319
0.135674
0.137609
0.137609
0.136642
0.136964
0.136642
0.136642
0.136964
0.136964
0.135352
0.137609
0.136319
0.136964
0.135997
0.135997
0.136642
0.137609
0.135352
0.135997
0.135997
0.135997
0.136319
0.135997
0.135029
0.136319
0.136319
0.136964
0.136964
0.136642
0.137286
0.136319
0.136642
0.136319
0.136319
0.136964
0.135997
0.135997
0.136642
0.137286
0.136319
0.137931
0.136964
0.137931
0.136964
0.136964
0.136964
0.140511
0.137286
0.136642
0.136319
0.136642
0.140189
0.136642
0.138254
0.137931
0.137286
0.138576
0.137286
0.137286
0.137609
0.137286
0.136319
0.137286
0.136642
0.136964
0.136642
0.136642
0.136964
0.137931
0.136964
0.137286
0.136964
0.137609
0.136964
0.136964
0.136964
0.136642
0.136964
0.136642
0.137609
0.137931
0.136319
0.136319
0.137286
0.136964
0.136964
0.137286
0.136642
0.136642
0.136642
0.136319
0.135997
0.135674
0.136642
0.136642
0.135997
0.135674
0.136964
0.136642
0.136642
0.135352
0.135997
0.136964
0.137286
0.135352
0.135029
0.136642
0.137609
0.136319
0.136642
0.135997
0.137609
0.137286
0.135674
0.136964
0.137609
0.135997
0.137931
0.135997
0.136642
0.138254
0.137609
0.135674
0.137286
0.137609
0.137931
0.136964
0.136642
0.137286
0.138899
0.137286
0.136642
0.137609
0.137931
0.137609
0.137286
0.136319
0.137931
0.137286
0.137931
0.137286
0.136642
0.137931
0.137931
0.137286
0.136642
0.136964
0.138254
0.137286
0.136964
0.136964
0.137609
0.137931
0.137609
0.136319
0.137609
0.137931
0.138899
0.136964
0.136642
0.137286
0.137286
0.140834
0.137609
0.136642
0.137286
0.136964
0.135029
0.136642
0.137286
0.136642
0.136642
0.135997
0.137286
0.136964
0.136964
0.135674
0.136964
0.137609
0.135029
0.137931
0.135352
0.135997
0.136642
0.135997
0.135674
0.135997
0.135997
0.135674
0.135674
0.135352
0.135352
0.136642
0.135997
0.135674
0.136319
0.135352
0.136319
0.136319
0.136319
0.135997
0.136642
0.136964
0.136319
0.136964
0.136319
0.136964
0.136319
0.137609
0.136319
0.136964
0.137931
0.137286
0.136964
0.137609
0.137609
0.137609
0.136964
0.137286
0.136642
0.137609
0.136642
0.137286
0.139866
0.137286
0.136964
0.137286
0.136642
0.141156
0.137609
0.137286
0.136642
0.138576
0.135997
0.138254
0.137931
0.137286
0.137609
0.137931
0.137931
0.137609
0.136964
0.138899
0.136964
0.137609
0.137286
0.138576
0.136642
0.136964
0.136964
0.137609
0.137286
0.137286
0.136642
0.136319
0.137286
0.136642
0.135997
0.136964
0.136642
0.138254
0.136642
0.137286
0.136964
0.137609
0.136964
0.136964
0.136964
0.136642
0.137286
0.136642
0.136964
0.136319
0.136964
0.137286
0.136319
0.137286
0.136964
0.136964
0.136964
0.136319
0.136319
0.136319
0.136964
0.136319
0.135997
0.137286
0.136964
0.136964
0.136964
0.136319
0.137609
0.136964
0.136319
0.136642
0.136642
0.137286
0.137286
0.137286
0.137931
0.137286
0.136964
0.136642
0.137609
0.136642
0.135997
0.136964
0.137609
0.136319
0.137286
0.137286
0.136964
0.137931
0.136319
0.136642
0.136964
0.136964
0.137286
0.135997
0.136964
0.137286
0.137609
0.135997
0.136642
0.136964
0.136964
0.136642
0.137286
0.136319
0.138254
0.137609
0.136642
0.136964
0.136642
0.137286
0.136642
0.136319
0.137286
0.137609
0.138576
0.136319
0.136964
0.135997
0.137609
0.140511
0.136642
0.135997
0.137931
0.135997
0.134062
0.136319
0.136319
0.136964
0.135997
0.135352
0.136319
0.136964
0.135674
0.135997
0.135674
0.135997
0.136642
0.135674
0.135352
0.136642
0.136319
0.135674
0.136964
0.135674
0.135997
0.136642
0.135997
0.135674
0.135997
0.136319
0.136319
0.136964
0.136319
0.135997
0.136319
0.136642
0.136319
0.136642
0.136642
0.136642
0.135352
0.137286
0.136964
0.136319
0.136964
0.136964
0.136642
0.136964
0.136642
0.135997
0.136964
0.136642
0.135997
0.137609
0.136319
0.136964
0.136964
0.137286
0.136319
0.136319
0.138899
0.136319
0.136642
0.136964
0.135997
0.140189
0.136964
0.136319
0.136964
0.136642
0.132449
0.138254
0.136964
0.137609
0.136642
0.137286
0.136964
0.136964
0.136319
0.137931
0.137286
0.137286
0.136319
0.137931
0.136964
0.138254
0.136964
0.135997
0.137609
0.137286
0.136319
0.136964
0.136642
0.137286
0.137286
0.136319
0.136319
0.137609
0.137286
0.137286
0.136319
0.137609
0.136964
0.137931
0.136319
0.137609
0.137286
0.138254
0.137609
0.136964
0.137286
0.137931
0.137609
0.137609
0.137286
0.138254
0.138576
0.137609
0.136964
0.137931
0.137609
0.137286
0.136642
0.136964
0.137286
0.137286
0.136319
0.136319
0.137286
0.137609
0.137286
0.136964
0.136642
0.137931
0.138254
0.136319
0.136964
0.138254
0.137931
0.136964
0.136964
0.136642
0.138254
0.138254
0.136964
0.136319
0.137931
0.137286
0.138254
0.136642
0.134707
0.138254
0.137286
0.135674
0.136642
0.135997
0.137286
0.136642
0.136642
0.136319
0.137609
0.136319
0.137931
0.136319
0.137286
0.136964
0.137286
0.135997
0.136964
0.136964
0.137609
0.136642
0.136642
0.136642
0.136642
0.135997
0.139866
0.135674
0.136964
0.137609
0.136319
0.135997
0.136964
0.137609
0.137286
0.136642
0.137931
0.138576
0.137931
0.137609
0.137931
0.137609
0.137609
0.137286
0.138254
0.137286
0.138254
0.137609
0.138254
0.138254
0.137609
0.136642
0.137286
0.137286
0.137609
0.137286
0.137286
0.138254
0.138254
0.138254
0.137931
0.136964
0.139221
0.136964
0.137931
0.135997
0.137609
0.137286
0.137609
0.136642
0.136964
0.137609
0.137931
0.136642
0.137286
0.136964
0.137931
0.137286
0.136642
0.137931
0.137609
0.137931
0.138254
0.137286
0.136964
0.138254
0.137286
0.137286
0.137286
0.138254
0.137609
0.136319
0.139544
0.136964
0.136964
0.136642
0.136642
0.140511
0.136964
0.136642
0.136319
0.137286
0.138254
0.136642
0.135997
0.136964
0.136642
0.135997
0.135674
0.136964
0.136319
0.136642
0.135997
0.135997
0.136964
0.137286
0.137609
0.137286
0.136964
0.137931
0.136964
0.137931
0.136642
0.138576
0.136964
0.139221
0.137286
0.136964
0.138254
0.138899
0.137609
0.136964
0.138576
0.138576
0.138576
0.137609
0.137286
0.137609
0.138576
0.138576
0.136964
0.137931
0.138576
0.137931
0.137286
0.138576
0.137931
0.138576
0.137609
0.137286
0.137609
0.138899
0.137931
0.138576
0.137286
0.137286
0.137931
0.136964
0.136642
0.137609
0.137609
0.137286
0.137286
0.136964
0.137931
0.137609
0.137286
0.136964
0.136964
0.136964
0.136319
0.137286
0.136319
0.137931
0.137609
0.137286
0.137609
0.136964
0.136964
0.136964
0.137286
0.137286
0.137286
0.136964
0.137609
0.136642
0.137286
0.136642
0.135674
0.137286
0.135674
0.135997
0.135352
0.136319
0.135674
0.136319
0.136642
0.136319
0.136964
0.136964
0.136642
0.136964
0.137609
0.136642
0.137609
0.136319
0.137609
0.136964
0.140189
0.137286
0.137609
0.137286
0.137931
0.132772
0.136964
0.137286
0.137609
0.136964
0.136642
0.137286
0.137931
0.138576
0.137286
0.137286
0.138576
0.138899
0.137609
0.136642
0.137609
0.138254
0.137931
0.136642
0.137931
0.137286
0.138576
0.137609
0.137286
0.137609
0.137931
0.138254
0.136642
0.137286
0.137609
0.137286
0.137286
0.136642
0.138254
0.138576
0.136964
0.136642
0.138254
0.136964
0.139544
0.136964
0.137931
0.137609
0.138254
0.137286
0.136319
0.136964
0.137609
0.138254
0.136964
0.136964
0.137609
0.138576
0.137609
0.136964
0.136319
0.138254
0.138254
0.136964
0.136642
0.136964
0.139866
0.137609
0.136964
0.136642
0.137286
0.133417
0.136319
0.136319
0.136964
0.137931
0.134707
0.137286
0.135997
0.138254
0.137931
0.137609
0.137286
0.137931
0.138254
0.138254
0.137931
0.137286
0.138899
0.139221
0.138254
0.138254
0.138576
0.140189
0.138899
0.138899
0.137931
0.139544
0.139544
0.138576
0.138899
0.138899
0.138254
0.138576
0.138254
0.137609
0.139866
0.137286
0.138899
0.137931
0.138576
0.138576
0.138254
0.137931
0.137286
0.138576
0.137609
0.137609
0.137609
0.137286
0.137609
0.138254
0.137609
0.138254
0.137286
0.137931
0.137286
0.137609
0.137286
0.137286
0.137931
0.137609
0.136642
0.137609
0.137286
0.136642
0.136642
0.136964
0.136319
0.136964
0.136964
0.136964
0.135674
0.136964
0.136964
0.137609
0.136319
0.136642
0.137286
0.136964
0.136642
0.136319
0.136319
0.136964
0.137286
0.136964
0.136319
0.137609
0.136964
0.136964
0.136964
0.137609
0.137286
0.137931
0.136964
0.137286
0.137286
0.138576
0.137286
0.135674
0.138254
0.137931
0.138576
0.137286
0.135997
0.137286
0.138576
0.139221
0.136964
0.137931
0.136964
0.137609
0.141801
0.137286
0.138254
0.138899
0.137286
0.134707
0.137286
0.137286
0.139221
0.137286
0.137286
0.138899
0.138899
0.138254
0.138576
0.137609
0.138899
0.138254
0.137931
0.137931
0.137931
0.138576
0.138254
0.137609
0.136964
0.138254
0.138576
0.138254
0.137609
0.137609
0.138254
0.137931
0.137931
0.136964
0.138254
0.137609
0.137286
0.137286
0.138254
0.137286
0.137286
0.138254
0.137609
0.138254
0.137609
0.137286
0.137609
0.136642
0.138254
0.136964
0.136319
0.136964
0.137286
0.136964
0.136642
0.136964
0.137286
0.137609
0.136642
0.136964
0.136642
0.140189
0.137609
0.136964
0.137931
0.136964
0.141156
0.137609
0.138576
0.137286
0.138576
0.136642
0.138254
0.137931
0.138576
0.137931
0.136964
0.137609
0.137931
0.138899
0.138254
0.137286
0.138254
0.137931
0.137609
0.138254
0.137609
0.137609
0.137286
0.138254
0.138254
0.137931
0.138576
0.137931
0.138899
0.138899
0.138254
0.138254
0.138899
0.137931
0.138254
0.138576
0.138254
0.139221
0.139544
0.138254
0.138254
0.138899
0.138576
0.139221
0.136964
0.137931
0.139544
0.138899
0.135997
0.137931
0.137609
0.138254
0.137609
0.137609
0.137286
0.138576
0.138899
0.137931
0.136319
0.137931
0.137609
0.137286
0.136964
0.136642
0.136964
0.137931
0.137286
0.136964
0.136964
0.138254
0.137286
0.136642
0.136642
0.136319
0.136964
0.136642
0.136319
0.136642
0.137286
0.136964
0.136642
0.136319
0.137931
0.137609
0.136319
0.136964
0.136964
0.137931
0.136642
0.137286
0.136319
0.137609
0.137286
0.136319
0.136642
0.137931
0.137286
0.137609
0.137286
0.136642
0.138254
0.138254
0.137286
0.137931
0.136964
0.137931
0.136642
0.137931
0.136642
0.137609
0.138254
0.138899
0.137286
0.137609
0.137609
0.138254
0.140189
0.137609
0.137931
0.137286
0.138254
0.134062
0.137286
0.137286
0.138254
0.138254
0.133094
0.137931
0.137931
0.137931
0.137931
0.136964
0.138254
0.138254
0.138576
0.138254
0.137609
0.138254
0.137609
0.136964
0.136964
0.137286
0.137931
0.138254
0.137286
0.136642
0.137931
0.137931
0.137609
0.136319
0.137286
0.136642
0.137931
0.135997
0.136319
0.137286
0.137609
0.136964
0.136964
0.137931
0.138254
0.137931
0.137286
0.136964
0.137609
0.138576
0.137931
0.136642
0.137931
0.138254
0.137931
0.137931
0.138254
0.137931
0.140511
0.137931
0.137609
0.138254
0.138899
0.137931
0.138576
0.136964
0.141479
0.138254
0.137609
0.137286
0.137609
0.141479
0.137609
0.138254
0.137609
0.137931
0.137286
0.137609
0.138254
0.137609
0.138254
0.136964
0.138576
0.138254
0.138254
0.137609
0.138576
0.137931
0.138899
0.138576
0.138254
0.137931
0.137931
0.138254
0.138576
0.138899
0.137286
0.137286
0.138254
0.136964
0.137931
0.137286
0.137286
0.137609
0.138254
0.137931
0.138254
0.138254
0.137286
0.138576
0.137609
0.137931
0.138254
0.138576
0.137286
0.138254
0.137286
0.137609
0.137931
0.137286
0.137286
0.139221
0.136319
0.137609
0.137286
0.136642
0.137286
0.137931
0.136964
0.137286
0.137286
0.138254
0.137609
0.137609
0.136964
0.138254
0.138254
0.137931
0.137931
0.138576
0.137609
0.138576
0.137286
0.137609
0.136964
0.137286
0.136642
0.137286
0.137931
0.138576
0.137609
0.137931
0.137609
0.138254
0.138254
0.137286
0.136964
0.137931
0.137286
0.138254
0.137286
0.138254
0.137931
0.138899
0.136964
0.137931
0.138254
0.137609
0.137609
0.138254
0.137931
0.138899
0.138899
0.136964
0.138254
0.139544
0.137931
0.138254
0.137931
0.138254
0.138899
0.139544
0.138899
0.137931
0.139866
0.137609
0.137286
0.141801
0.137609
0.138576
0.138576
0.137931
0.133417
0.138254
0.138254
0.138254
0.136964
0.137931
0.137931
0.137609
0.136964
0.137609
0.137931
0.138254
0.137931
0.137286
0.137286
0.137609
0.137609
0.137931
0.137931
0.138576
0.137609
0.137286
0.138254
0.137286
0.138254
0.137931
0.138576
0.137609
0.137931
0.138576
0.137931
0.137609
0.137931
0.138254
0.138254
0.137931
0.138899
0.137286
0.138254
0.138899
0.139221
0.138576
0.138899
0.138576
0.138254
0.138576
0.138576
0.137931
0.138576
0.138254
0.137931
0.138899
0.138576
0.139221
0.138254
0.135997
0.141801
0.138254
0.138254
0.136964
0.137931
0.141156
0.139544
0.138899
0.137286
0.137931
0.134707
0.138576
0.137286
0.137609
0.137609
0.137286
0.137931
0.137286
0.137931
0.137609
0.137609
0.137286
0.136964
0.137931
0.138899
0.136964
0.137609
0.137286
0.138254
0.137931
0.136642
0.137609
0.137609
0.138254
0.136964
0.136319
0.138254
0.138254
0.137931
0.136319
0.137286
0.138254
0.137609
0.136964
0.137286
0.137609
0.138254
0.136642
0.136319
0.136964
0.137286
0.136964
0.136964
0.137286
0.137609
0.137931
0.136964
0.137286
0.137609
0.138254
0.136964
0.138576
0.137931
0.137609
0.137931
0.137286
0.137931
0.137286
0.138254
0.138254
0.137931
0.137609
0.138254
0.138576
0.137931
0.138254
0.138254
0.138576
0.136964
0.137931
0.137609
0.138254
0.137931
0.138254
0.138899
0.137931
0.137931
0.137609
0.138254
0.137931
0.137931
0.139221
0.136964
0.138576
0.138899
0.137931
0.137931
0.138899
0.137931
0.138899
0.136964
0.138254
0.137609
0.137931
0.137286
0.138254
0.138254
0.138576
0.137931
0.137931
0.136964
0.138576
0.137286
0.136964
0.138576
0.138899
0.139221
0.137609
0.137931
0.138899
0.137931
0.141479
0.137609
0.138576
0.138899
0.137609
0.134062
0.139221
0.138254
0.138899
0.137609
0.137609
0.138899
0.138899
0.138576
0.137931
0.138576
0.138576
0.139221
0.138899
0.137609
0.138576
0.139544
0.138576
0.138576
0.139866
0.139221
0.139544
0.138254
0.139221
0.139544
0.139544
0.138576
0.138899
0.138576
0.139866
0.138576
0.137609
0.138254
0.139866
0.138576
0.137931
0.137609
0.138899
0.139544
0.138254
0.137609
0.138576
0.139544
0.138576
0.137609
0.137609
0.138254
0.139866
0.138899
0.136964
0.137609
0.137931
0.138254
0.137286
0.136642
0.138254
0.140511
0.137931
0.137609
0.135997
0.138899
0.142124
0.135674
0.136319
0.138254
0.137609
0.134707
0.137931
0.136964
0.138254
0.137931
0.136642
0.137286
0.136642
0.137286
0.137931
0.137286
0.136964
0.137286
0.136642
0.137286
0.136642
0.137609
0.137286
0.137609
0.136319
0.137609
0.137286
0.137609
0.138254
0.138254
0.136642
0.138899
0.137931
0.137609
0.137609
0.137931
0.137931
0.138576
0.137609
0.137609
0.136964
0.137609
0.137931
0.137609
0.137286
0.138899
0.137931
0.138254
0.138254
0.138576
0.138576
0.139544
0.138254
0.138254
0.138899
0.137931
0.137931
0.137609
0.138576
0.139221
0.139544
0.138576
0.138254
0.137609
0.139544
0.138899
0.136964
0.138899
0.138899
0.138576
0.137286
0.137931
0.138254
0.138899
0.137286
0.137609
0.138576
0.138899
0.138254
0.137609
0.138576
0.138254
0.138576
0.136642
0.137609
0.137286
0.138576
0.137931
0.138576
0.138254
0.138576
0.138576
0.137609
0.137609
0.139221
0.138576
0.137286
0.137286
0.138576
0.137931
0.137609
0.137609
0.137286
0.137609
0.137931
0.137286
0.137609
0.137931
0.138576
0.137931
0.137286
0.141801
0.138899
0.137286
0.138254
0.137609
0.133094
0.138576
0.138254
0.137609
0.137931
0.138254
0.138576
0.137931
0.137931
0.138576
0.139544
0.137931
0.138254
0.138254
0.140189
