Samp. Freq.(Hz)   Sample#   Pulse Length (ms)
10000.000000	5000.000000	50.000000
	
Voltage(V) 
0.278208
0.277885
0.275628
0.275950
0.276273
0.274983
0.274338
0.275305
0.275950
0.276273
0.278530
0.275950
0.275950
0.275950
0.275305
0.275305
0.275305
0.276273
0.275950
0.276273
0.274660
0.276918
0.275628
0.275305
0.274660
0.274983
0.274015
0.274660
0.274015
0.273693
0.273693
0.274660
0.274338
0.276273
0.277563
0.279820
0.280142
0.277885
0.282722
0.282722
0.280142
0.281110
0.280465
0.281110
0.279175
0.279820
0.279175
0.281110
0.282722
0.283367
0.284335
0.285947
0.283045
0.281755
0.282722
0.279820
0.281110
0.279497
0.279175
0.280787
0.281432
0.281110
0.281110
0.280787
0.279175
0.279497
0.277563
0.277563
0.278208
0.279497
0.279820
0.280142
0.279820
0.279497
0.278530
0.277563
0.275950
0.277240
0.275628
0.275628
0.274983
0.275628
0.274660
0.275950
0.277240
0.277563
0.277885
0.278530
0.279175
0.278853
0.279175
0.279820
0.279820
0.279820
0.280142
0.278530
0.278853
0.280142
0.277563
0.277240
0.277240
0.277240
0.278208
0.276918
0.276595
0.278530
0.278853
0.279175
0.280142
0.282077
0.284335
0.285302
0.286269
0.285302
0.285947
0.286914
0.283690
0.283367
0.281755
0.281432
0.281755
0.280465
0.280787
0.281110
0.285624
0.284012
0.284657
0.284657
0.284657
0.282400
0.281432
0.281110
0.281110
0.279175
0.280787
0.281432
0.283045
0.284335
0.283367
0.283045
0.282722
0.281110
0.280465
0.280142
0.280142
0.279175
0.279175
0.280465
0.281755
0.283367
0.282722
0.284657
0.282400
0.280787
0.279497
0.278208
0.278853
0.278208
0.278530
0.277885
0.278853
0.279497
0.281755
0.280787
0.281432
0.283045
0.282722
0.287237
0.281755
0.279820
0.280142
0.279820
0.278853
0.279820
0.280465
0.280142
0.281755
0.279175
0.278853
0.280465
0.279175
0.278530
0.279497
0.278853
0.279175
0.278208
0.278208
0.279820
0.280465
0.280142
0.281432
0.282722
0.282722
0.284012
0.282400
0.286592
0.285947
0.288527
0.287237
0.287559
0.286914
0.286592
0.285624
0.285302
0.284657
0.283367
0.282400
0.281755
0.281432
0.280465
0.280142
0.281755
0.283690
0.284980
0.285947
0.286269
0.285947
0.285624
0.284980
0.283367
0.281110
0.281755
0.280787
0.280465
0.280142
0.281432
0.280787
0.282077
0.281432
0.281432
0.280787
0.280465
0.277563
0.277240
0.275950
0.276595
0.277240
0.276918
0.278208
0.278853
0.278530
0.278530
0.277563
0.277563
0.276273
0.276273
0.274338
0.273370
0.274015
0.272403
0.270468
0.270146
0.269178
0.269178
0.269178
0.270468
0.272081
0.276273
0.277885
0.279497
0.279497
0.281755
0.283045
0.284335
0.284335
0.285624
0.285624
0.285624
0.285947
0.287237
0.287882
0.289172
0.289494
0.288527
0.286914
0.286592
0.286269
0.284980
0.284657
0.282722
0.281110
0.284657
0.281755
0.281755
0.281110
0.283690
0.284657
0.285624
0.284012
0.283367
0.283045
0.282722
0.282077
0.280787
0.281432
0.282400
0.284012
0.287237
0.285302
0.285947
0.284980
0.284012
0.283045
0.281755
0.281755
0.282077
0.280142
0.279820
0.278208
0.282400
0.283690
0.283690
0.284012
0.284657
0.283367
0.282400
0.281110
0.281755
0.279497
0.280465
0.279497
0.277885
0.278208
0.276918
0.279175
0.276918
0.277885
0.277563
0.279820
0.279175
0.280787
0.280142
0.280787
0.278208
0.277563
0.275628
0.274983
0.274983
0.274983
0.273693
0.274660
0.274983
0.275305
0.274338
0.273693
0.273048
0.274338
0.273693
0.272726
0.272403
0.273370
0.268533
0.269501
0.261116
0.253700
0.242413
0.232094
0.223065
0.213390
0.205328
0.197267
0.188882
0.181788
0.174371
0.169534
0.163084
0.157280
0.152443
0.147928
0.143091
0.137931
0.135029
0.129870
0.126967
0.123743
0.119228
0.117293
0.114391
0.111489
0.108909
0.106651
0.104072
0.102137
0.100524
0.098267
0.096655
0.093752
0.093108
0.092140
0.090205
0.088270
0.087303
0.086013
0.086013
0.084723
0.082788
0.082466
0.082466
0.081498
0.079564
0.079241
0.079241
0.077951
0.077306
0.076016
0.076661
0.076016
0.075694
0.074404
0.074404
0.074404
0.074404
0.073437
0.071502
0.072469
0.074404
0.070212
0.073114
0.071179
0.071502
0.070534
0.070857
0.070212
0.071502
0.070857
0.069889
0.069244
0.070534
0.069567
0.070212
0.068922
0.069244
0.068600
0.069889
0.068600
0.068922
0.069244
0.070212
0.072147
0.068600
0.068277
0.069244
0.068600
0.069244
0.067632
0.069244
0.068922
0.068600
0.068277
0.068600
0.067955
0.068600
0.068277
0.068277
0.068600
0.068600
0.067955
0.068600
0.068922
0.067310
0.067632
0.068922
0.068600
0.068922
0.067310
0.072792
0.068922
0.067955
0.067310
0.068600
0.068277
0.069567
0.067955
0.067310
0.067955
0.068922
0.069889
0.067632
0.067955
0.068922
0.067955
0.070534
0.067955
0.068277
0.068277
0.067310
0.067955
0.067632
0.068600
0.068600
0.067310
0.067632
0.066665
0.068277
0.067632
0.068277
0.067310
0.068277
0.068277
0.068600
0.067955
0.068277
0.067632
0.068277
0.068277
0.067632
0.067310
0.068277
0.063762
0.067632
0.067310
0.067632
0.066987
0.067310
0.068277
0.066665
0.066987
0.066665
0.067955
0.066665
0.067310
0.067632
0.068600
0.068277
0.066665
0.067310
0.068277
0.067955
0.067955
0.066665
0.067955
0.067955
0.067632
0.066342
0.068277
0.065052
0.066987
0.068600
0.067632
0.066987
0.068600
0.067632
0.066665
0.068277
0.068922
0.067310
0.067310
0.066665
0.067955
0.068277
0.067632
0.066665
0.067632
0.068600
0.067955
0.067955
0.068277
0.067632
0.068600
0.067310
0.068600
0.067310
0.067310
0.067955
0.068600
0.068277
0.068600
0.067955
0.068600
0.068277
0.067955
0.067955
0.068922
0.067632
0.068277
0.067632
0.067955
0.068600
0.068277
0.067955
0.068277
0.068277
0.068277
0.067955
0.066987
0.067955
0.068277
0.067955
0.067632
0.067632
0.068600
0.068600
0.068922
0.066665
0.067955
0.070212
0.067955
0.068922
0.066665
0.068922
0.067955
0.067632
0.067310
0.067632
0.067310
0.067632
0.067310
0.067310
0.067632
0.067310
0.067632
0.067632
0.066987
0.066987
0.067310
0.067955
0.067310
0.067632
0.067632
0.068277
0.067955
0.067955
0.070857
0.066665
0.067955
0.067955
0.066665
0.068600
0.067632
0.067955
0.067632
0.066665
0.067310
0.067955
0.067632
0.066987
0.067955
0.067310
0.068600
0.066987
0.066987
0.068277
0.067955
0.067310
0.067310
0.067632
0.068277
0.068600
0.066987
0.069889
0.068277
0.068600
0.066665
0.068600
0.067955
0.069244
0.066987
0.067955
0.068277
0.068600
0.067632
0.067310
0.067310
0.067955
0.068277
0.071502
0.067310
0.068277
0.068277
0.068277
0.067310
0.067632
0.068922
0.068600
0.067310
0.067632
0.065052
0.068922
0.067310
0.067955
0.075694
0.088270
0.099557
0.109876
0.119228
0.128257
0.134707
0.144058
0.151153
0.158247
0.164374
0.170824
0.176628
0.183400
0.187915
0.192752
0.198879
0.204684
0.210488
0.214358
0.219195
0.224999
0.228224
0.229192
0.231771
0.234351
0.236286
0.238543
0.241123
0.243703
0.247895
0.250797
0.251765
0.252732
0.253700
0.255312
0.255957
0.257247
0.258214
0.261439
0.263696
0.263696
0.265631
0.266598
0.266921
0.266598
0.265954
0.265309
0.266598
0.264986
0.265309
0.265954
0.268211
0.267888
0.269823
0.270791
0.272081
0.272081
0.271758
0.271758
0.271436
0.270791
0.270146
0.269823
0.269501
0.269178
0.268533
0.268533
0.269823
0.269178
0.270146
0.270146
0.271758
0.272081
0.271436
0.269823
0.270791
0.272081
0.272403
0.272081
0.271758
0.272403
0.271436
0.271436
0.271436
0.271436
0.270791
0.271113
0.272081
0.272403
0.274983
0.275305
0.276273
0.277563
0.280142
0.278853
0.279820
0.277563
0.275628
0.281755
0.278208
0.276595
0.278530
0.280465
0.280142
0.279497
0.280465
0.281432
0.280787
0.279175
0.279175
0.277563
0.277563
0.276918
0.277563
0.275950
0.276918
0.278530
0.278208
0.276918
0.279175
0.276918
0.277885
0.276273
0.276918
0.276273
0.281755
0.278208
0.279175
0.278530
0.279497
0.277240
0.276595
0.275305
0.277240
0.274983
0.275950
0.276918
0.277885
0.277563
0.277885
0.276918
0.279175
0.277563
0.276595
0.274338
0.275950
0.274660
0.274015
0.272403
0.272726
0.272081
0.271758
0.271113
0.269823
0.269501
0.269178
0.268533
0.268856
0.267888
0.269823
0.268533
0.268533
0.268856
0.270146
0.268856
0.269178
0.268856
0.268856
0.263696
0.269178
0.268856
0.268211
0.269501
0.268856
0.267566
0.269501
0.269178
0.267566
0.268211
0.268533
0.268211
0.269178
0.267888
0.268533
0.267888
0.269823
0.270146
0.271113
0.272081
0.274660
0.274015
0.273693
0.274338
0.274015
0.273048
0.272403
0.275950
0.276273
0.278530
0.276595
0.277885
0.276273
0.276918
0.275950
0.274338
0.273370
0.274983
0.274338
0.275305
0.275950
0.275628
0.274660
0.274660
0.272726
0.271758
0.272726
0.273048
0.270146
0.274660
0.273048
0.275305
0.272726
0.274338
0.273048
0.273048
0.270468
0.272081
0.269178
0.270468
0.269823
0.269823
0.268533
0.271113
0.269501
0.270791
0.270791
0.270791
0.269501
0.271113
0.269178
0.269501
0.270791
0.270791
0.271113
0.271758
0.271758
0.271758
0.271758
0.271758
0.271113
0.271436
0.269501
0.270791
0.270146
0.269501
0.272403
0.270468
0.270791
0.273370
0.273048
0.273693
0.275628
0.276918
0.277240
0.275950
0.276595
0.276595
0.276595
0.275628
0.276273
0.276273
0.276273
0.277885
0.279497
0.280465
0.282077
0.283690
0.281432
0.283045
0.281432
0.282077
0.279820
0.283367
0.280142
0.280142
0.280787
0.282722
0.283367
0.283690
0.284012
0.283367
0.281755
0.281432
0.280787
0.279497
0.280465
0.283690
0.284012
0.286914
0.284012
0.283367
0.282400
0.281755
0.281110
0.280465
0.279497
0.281432
0.280465
0.281432
0.277563
0.283690
0.284012
0.283690
0.284657
0.283367
0.284012
0.283690
0.283367
0.281110
0.281110
0.278853
0.278208
0.276918
0.276595
0.275628
0.278853
0.275628
0.276273
0.276273
0.274660
0.275305
0.275950
0.274660
0.274338
0.274983
0.274015
0.273048
0.274660
0.271758
0.274015
0.273693
0.273370
0.272081
0.272081
0.271758
0.273048
0.271113
0.272403
0.271758
0.272081
0.272081
0.274660
0.274983
0.276918
0.277563
0.277885
0.277885
0.278208
0.277563
0.276595
0.276595
0.275950
0.276273
0.276918
0.275950
0.278853
0.280465
0.279820
0.277885
0.279497
0.277885
0.276595
0.276595
0.276918
0.275628
0.275628
0.274983
0.276595
0.276595
0.277885
0.277885
0.276918
0.276273
0.276273
0.274983
0.273693
0.273048
0.273370
0.274015
0.275628
0.275628
0.276918
0.276595
0.275305
0.275305
0.274983
0.274015
0.272726
0.270468
0.272403
0.271436
0.270468
0.270146
0.270146
0.270146
0.270791
0.270468
0.272081
0.274015
0.276595
0.279175
0.281110
0.285624
0.282077
0.284335
0.284012
0.285302
0.285302
0.285947
0.285302
0.285947
0.286269
0.288527
0.287559
0.288204
0.287882
0.287559
0.285302
0.285302
0.283367
0.282722
0.282077
0.281110
0.280465
0.280787
0.280465
0.279820
0.281110
0.283045
0.284980
0.281432
0.283045
0.281110
0.280787
0.280465
0.278208
0.279497
0.279497
0.279497
0.278853
0.280142
0.282077
0.283045
0.281432
0.280787
0.283690
0.282400
0.279175
0.277563
0.278853
0.279497
0.282077
0.282400
0.281432
0.282077
0.281755
0.278853
0.278530
0.278530
0.278208
0.278530
0.277240
0.277563
0.277563
0.277563
0.274983
0.277885
0.276273
0.277563
0.277240
0.278853
0.280465
0.277885
0.278853
0.280142
0.276273
0.277885
0.275305
0.275305
0.272726
0.273048
0.274338
0.272726
0.271758
0.274338
0.273048
0.273693
0.272726
0.273693
0.272726
0.273048
0.273048
0.272081
0.271758
0.272403
0.271758
0.273048
0.270791
0.271758
0.271113
0.271436
0.273370
0.274015
0.273693
0.273370
0.276273
0.277563
0.277885
0.277885
0.277240
0.278530
0.279497
0.278208
0.277885
0.277885
0.278208
0.277885
0.276918
0.277240
0.277885
0.279175
0.281110
0.280465
0.280465
0.280787
0.278853
0.279175
0.279175
0.277885
0.276273
0.277563
0.279175
0.278208
0.277240
0.277240
0.277885
0.277885
0.277563
0.277240
0.274660
0.274983
0.276918
0.274015
0.272726
0.274015
0.274338
0.274338
0.274660
0.274660
0.274660
0.272726
0.273693
0.271436
0.271436
0.269501
0.270146
0.270468
0.270468
0.268533
0.272726
0.267888
0.271113
0.270791
0.270468
0.269823
0.272081
0.274015
0.275305
0.273693
0.277240
0.274983
0.278853
0.276273
0.277563
0.278208
0.281432
0.280787
0.280465
0.280142
0.280787
0.279820
0.282722
0.281755
0.283367
0.283367
0.283690
0.280465
0.284335
0.284335
0.283045
0.281432
0.283045
0.282077
0.280142
0.279175
0.280142
0.279175
0.278853
0.278853
0.280465
0.281432
0.282722
0.284012
0.280787
0.280465
0.280142
0.278853
0.278208
0.279175
0.280465
0.279820
0.281432
0.282400
0.278853
0.281110
0.279497
0.278853
0.278530
0.278530
0.278530
0.278530
0.281755
0.282400
0.281432
0.280142
0.279820
0.279820
0.278530
0.276273
0.274015
0.277563
0.279820
0.277240
0.278530
0.279497
0.282722
0.282400
0.282077
0.283045
0.283045
0.282400
0.282722
0.280142
0.278853
0.277563
0.275628
0.275305
0.273048
0.273048
0.272403
0.272081
0.271113
0.270791
0.268533
0.267243
0.265631
0.263374
0.262729
0.261439
0.259827
0.258537
0.257569
0.255957
0.255312
0.253700
0.251442
0.251442
0.249507
0.249185
0.248217
0.246605
0.246605
0.246283
0.244993
0.245315
0.244348
0.247250
0.245638
0.246283
0.244993
0.244670
0.246605
0.246283
0.243703
0.244348
0.243703
0.245960
0.243380
0.244348
0.244670
0.245315
0.249185
0.247573
0.248540
0.249507
0.248217
0.248217
0.247573
0.246928
0.247573
0.245960
0.245960
0.246283
0.246928
0.246928
0.246283
0.248217
0.248217
0.249507
0.248217
0.247250
0.249507
0.249830
0.248862
0.249830
0.250797
0.254667
0.254022
0.254344
0.254344
0.255634
0.255957
0.255312
0.254989
0.255312
0.254989
0.256279
0.254667
0.256602
0.259182
0.259827
0.261439
0.263696
0.264986
0.266598
0.267566
0.269501
0.269178
0.272081
0.271436
0.272726
0.275950
0.275950
0.272403
0.277563
0.278853
0.281755
0.281755
0.282077
0.281755
0.282722
0.281755
0.280787
0.281110
0.279175
0.279175
0.278208
0.277885
0.276918
0.282400
0.276273
0.277563
0.278530
0.279820
0.280465
0.280465
0.281755
0.282077
0.281432
0.279175
0.278530
0.280142
0.279497
0.280142
0.280465
0.281755
0.284012
0.281432
0.280142
0.280142
0.279175
0.278853
0.278530
0.278208
0.279820
0.282077
0.279175
0.282400
0.282722
0.282722
0.280465
0.279820
0.279175
0.279497
0.278208
0.278530
0.279175
0.279820
0.281432
0.280787
0.281110
0.282722
0.283690
0.284012
0.284012
0.284012
0.284335
0.282722
0.282722
0.280465
0.277563
0.279497
0.276918
0.275950
0.274983
0.275950
0.276918
0.275950
0.275950
0.276918
0.275950
0.277240
0.275628
0.275305
0.274983
0.275628
0.274983
0.274660
0.274983
0.274338
0.274338
0.276273
0.274660
0.275628
0.275950
0.277240
0.280142
0.280142
0.280142
0.281110
0.280787
0.280465
0.280142
0.279820
0.278853
0.278208
0.278208
0.276918
0.277563
0.276273
0.276273
0.277885
0.278853
0.279175
0.281432
0.281432
0.282400
0.281755
0.280142
0.280142
0.279820
0.280142
0.279820
0.277240
0.277563
0.276595
0.277885
0.276595
0.278853
0.278208
0.276918
0.278853
0.274983
0.277885
0.274983
0.273693
0.273693
0.275305
0.276595
0.277240
0.275950
0.275950
0.275950
0.274983
0.274015
0.272081
0.273693
0.272726
0.272726
0.271436
0.273048
0.274338
0.273693
0.272726
0.272726
0.274015
0.274983
0.274983
0.274015
0.274660
0.273693
0.276273
0.275628
0.274338
0.276273
0.275305
0.275628
0.274338
0.274983
0.274660
0.274660
0.274660
0.274983
0.277885
0.278208
0.278208
0.284335
0.281432
0.282077
0.281755
0.280465
0.280142
0.280465
0.279820
0.278208
0.277563
0.278530
0.277563
0.278208
0.278208
0.278208
0.281432
0.280142
0.279497
0.278853
0.278530
0.278208
0.278530
0.278530
0.278853
0.282077
0.281432
0.282077
0.279175
0.280787
0.279820
0.280142
0.279175
0.278208
0.278530
0.278530
0.279820
0.280787
0.282077
0.282722
0.283690
0.283367
0.283045
0.282077
0.280465
0.279497
0.279175
0.278208
0.277563
0.276918
0.275950
0.274983
0.276273
0.275628
0.275628
0.275305
0.277240
0.278853
0.278530
0.278853
0.278530
0.277563
0.278208
0.276918
0.275628
0.274983
0.275305
0.277240
0.277240
0.278853
0.280465
0.281110
0.281432
0.280465
0.281432
0.282077
0.284980
0.282722
0.286269
0.286592
0.287559
0.287237
0.287882
0.289172
0.289172
0.288204
0.288204
0.287237
0.288527
0.287559
0.285624
0.284335
0.284335
0.283690
0.282400
0.280787
0.282077
0.280465
0.280142
0.277563
0.277885
0.277563
0.278530
0.278853
0.279497
0.280142
0.283045
0.282400
0.280142
0.280465
0.280787
0.279497
0.278853
0.277885
0.277885
0.282400
0.278853
0.278208
0.279820
0.280142
0.277885
0.278208
0.276595
0.276273
0.275628
0.274338
0.276273
0.277563
0.277240
0.275950
0.275628
0.276273
0.274338
0.273370
0.272081
0.272081
0.270791
0.272081
0.270468
0.271436
0.270146
0.271113
0.274338
0.271436
0.271758
0.272726
0.273048
0.274338
0.274660
0.275628
0.276273
0.278530
0.277885
0.280465
0.281110
0.281110
0.282400
0.282400
0.287559
0.283045
0.282400
0.284335
0.285624
0.285302
0.286269
0.288527
0.288527
0.288204
0.287237
0.285302
0.284657
0.285302
0.284012
0.283045
0.282400
0.283367
0.285302
0.286592
0.285947
0.285302
0.283690
0.283045
0.282077
0.282077
0.282722
0.282722
0.284980
0.286914
0.287237
0.287237
0.286269
0.284980
0.283690
0.282722
0.282722
0.281432
0.280787
0.283690
0.280465
0.282400
0.284012
0.286269
0.284980
0.285624
0.284335
0.284012
0.282077
0.281432
0.280787
0.280465
0.279820
0.278530
0.276918
0.278208
0.278530
0.279820
0.279497
0.282077
0.283045
0.282400
0.282077
0.282722
0.281432
0.280142
0.278530
0.278530
0.275950
0.275628
0.274015
0.272403
0.271436
0.271758
0.270791
0.270468
0.271758
0.272081
0.272726
0.271436
0.272081
0.271758
0.271113
0.271113
0.270791
0.270468
0.270791
0.271758
0.272081
0.272081
0.273048
0.273693
0.274983
0.276918
0.278853
0.280787
0.281110
0.284012
0.284980
0.284012
0.284657
0.284335
0.284980
0.283045
0.283690
0.281432
0.281110
0.280142
0.279497
0.279497
0.280142
0.280142
0.282400
0.282722
0.282400
0.281432
0.282077
0.279820
0.279175
0.279497
0.280787
0.281110
0.281432
0.281755
0.282077
0.281110
0.278853
0.277885
0.278208
0.276918
0.275950
0.275950
0.276918
0.277240
0.278853
0.278530
0.278530
0.276918
0.277885
0.276595
0.275950
0.276918
0.275305
0.273048
0.272081
0.271436
0.273048
0.272403
0.272403
0.272726
0.274983
0.275628
0.274015
0.275305
0.274983
0.274660
0.273370
0.274983
0.273048
0.273370
0.274338
0.274338
0.274338
0.274983
0.274660
0.274338
0.274660
0.274983
0.277240
0.275628
0.275950
0.276273
0.276595
0.278853
0.280142
0.281110
0.281755
0.283367
0.281755
0.280787
0.280465
0.280787
0.279175
0.278853
0.281755
0.280465
0.282077
0.281432
0.282722
0.282722
0.282400
0.280465
0.279497
0.279820
0.280142
0.278853
0.277885
0.279497
0.280142
0.280787
0.282722
0.284335
0.284012
0.284335
0.280787
0.281755
0.282077
0.280787
0.278530
0.278853
0.279497
0.278530
0.281755
0.283045
0.283045
0.282722
0.281110
0.280465
0.280465
0.279820
0.278530
0.279497
0.279497
0.280787
0.281432
0.282722
0.283045
0.282722
0.282400
0.283045
0.281755
0.281110
0.280142
0.279497
0.278208
0.277885
0.274338
0.274983
0.273048
0.272403
0.272081
0.270791
0.269823
0.271113
0.271758
0.270791
0.271113
0.270468
0.270146
0.269823
0.271113
0.269501
0.269823
0.269501
0.269178
0.269823
0.269501
0.269501
0.268856
0.269178
0.269178
0.271113
0.271436
0.272726
0.273370
0.275628
0.275950
0.278208
0.279175
0.278853
0.279175
0.278853
0.278530
0.276918
0.277240
0.276273
0.276918
0.275950
0.279175
0.279497
0.279497
0.280142
0.280142
0.278853
0.278853
0.278530
0.276595
0.278530
0.280142
0.281432
0.281432
0.282400
0.280787
0.281110
0.281110
0.280142
0.278853
0.277885
0.277240
0.274983
0.274983
0.274983
0.274015
0.274660
0.275950
0.276273
0.277240
0.277240
0.278208
0.277563
0.277885
0.276595
0.275305
0.274338
0.274660
0.273048
0.272403
0.271758
0.270791
0.269823
0.270146
0.271436
0.271758
0.273693
0.273370
0.274983
0.276918
0.277885
0.279497
0.280142
0.281432
0.282077
0.284012
0.284657
0.285624
0.285947
0.286914
0.284980
0.283045
0.284012
0.281755
0.281432
0.280787
0.279820
0.278853
0.277885
0.277240
0.277563
0.278530
0.278853
0.279820
0.281110
0.284335
0.283367
0.284657
0.283367
0.282400
0.282722
0.280465
0.279175
0.280142
0.279497
0.279175
0.279497
0.279820
0.282077
0.283045
0.282722
0.284335
0.282077
0.282077
0.281755
0.279820
0.279175
0.279175
0.282077
0.282077
0.283690
0.281432
0.284657
0.280787
0.280142
0.278853
0.279175
0.279175
0.279820
0.280465
0.281755
0.282722
0.282400
0.281432
0.280787
0.279497
0.277885
0.276273
0.279497
0.276918
0.276273
0.274338
0.275628
0.274015
0.273048
0.273370
0.273048
0.273048
0.272081
0.268533
0.272081
0.271758
0.272726
0.272403
0.273693
0.274015
0.274338
0.274015
0.273693
0.274015
0.274983
0.274015
0.274660
0.274338
0.274015
0.270468
0.273693
0.273693
0.273370
0.273048
0.272726
0.272081
0.272726
0.273370
0.274660
0.275628
0.276595
0.278530
0.279175
0.278853
0.279820
0.279175
0.278530
0.277240
0.277240
0.276273
0.276918
0.276595
0.277885
0.279820
0.280787
0.279820
0.276595
0.280142
0.278853
0.280142
0.278208
0.277240
0.278208
0.276918
0.277240
0.277885
0.280465
0.280465
0.280465
0.279820
0.278530
0.277885
0.276595
0.275628
0.275305
0.275305
0.274983
0.275628
0.275305
0.275628
0.277563
0.277563
0.276273
0.275628
0.275305
0.274338
0.273048
0.271758
0.271758
0.272081
0.270468
0.270468
0.270146
0.270468
0.270468
0.271436
0.271436
0.272403
0.273048
0.272726
0.272403
0.273370
0.273693
0.274660
0.272726
0.273370
0.274338
0.273693
0.272081
0.272726
0.273370
0.273693
0.273370
0.273370
0.274015
0.275950
0.277240
0.277885
0.278853
0.281432
0.282722
0.282400
0.282400
0.282722
0.282400
0.281432
0.278530
0.280465
0.278530
0.277885
0.276918
0.278530
0.279820
0.280142
0.281432
0.282722
0.281110
0.281432
0.280142
0.279497
0.279820
0.279497
0.279175
0.283045
0.282077
0.284335
0.283367
0.282077
0.280787
0.280787
0.279820
0.278208
0.280142
0.281432
0.283367
0.284012
0.282722
0.282077
0.281110
0.280142
0.279175
0.278853
0.278530
0.280142
0.280142
0.281110
0.281755
0.282400
0.282400
0.282400
0.285302
0.280787
0.280465
0.277885
0.277563
0.276595
0.275950
0.273048
0.274015
0.271758
0.271436
0.271436
0.270468
0.271113
0.272726
0.272081
0.274015
0.271436
0.270791
0.270791
0.271436
0.270791
0.270468
0.270146
0.269501
0.269823
0.270468
0.270468
0.270146
0.268533
0.268533
0.268856
0.269178
0.268533
0.269178
0.269501
0.271113
0.271758
0.273370
0.275628
0.278853
0.278208
0.278853
0.274660
0.279820
0.278853
0.277885
0.277885
0.276918
0.276595
0.275305
0.274338
0.276273
0.276595
0.278208
0.279175
0.281432
0.280465
0.280787
0.279175
0.279175
0.279175
0.278208
0.276273
0.275628
0.276273
0.275950
0.274983
0.276918
0.277240
0.274015
0.277563
0.276918
0.274660
0.275305
0.273693
0.272726
0.274983
0.274983
0.276273
0.275950
0.275305
0.274983
0.275628
0.275305
0.273048
0.273370
0.272403
0.270791
0.269823
0.270146
0.269823
0.272081
0.272081
0.272403
0.274660
0.275628
0.275305
0.275628
0.276595
0.277885
0.277563
0.276595
0.275950
0.277563
0.276595
0.276595
0.276595
0.275628
0.276595
0.276595
0.276595
0.277563
0.279497
0.280142
0.281755
0.282722
0.283045
0.283045
0.282722
0.281755
0.281110
0.280142
0.279175
0.278208
0.278208
0.278530
0.278853
0.279497
0.280787
0.282722
0.282400
0.281110
0.281110
0.280465
0.279820
0.280787
0.278208
0.279175
0.281755
0.282400
0.283367
0.281755
0.282400
0.281432
0.279820
0.279497
0.280142
0.279820
0.281432
0.282400
0.283045
0.283045
0.281432
0.280142
0.279820
0.278853
0.280465
0.278853
0.278208
0.278853
0.279497
0.278530
0.279820
0.280465
0.282400
0.282722
0.283045
0.281432
0.281755
0.280142
0.278853
0.278853
0.278208
0.275628
0.274983
0.273693
0.272403
0.271436
0.272081
0.271113
0.272081
0.272081
0.270791
0.274015
0.270791
0.271113
0.271436
0.270468
0.270468
0.269823
0.270791
0.270468
0.271113
0.271113
0.270791
0.272081
0.273048
0.271436
0.273370
0.278530
0.274983
0.276918
0.278530
0.279175
0.280787
0.282722
0.282400
0.281755
0.281110
0.281110
0.276595
0.279497
0.277885
0.278208
0.277885
0.277563
0.276918
0.278853
0.280787
0.281755
0.282400
0.282722
0.281755
0.281110
0.280142
0.279820
0.274983
0.277885
0.276595
0.276273
0.275628
0.278208
0.278530
0.278530
0.276595
0.277240
0.275628
0.275305
0.273048
0.272726
0.273370
0.274015
0.273693
0.273693
0.274983
0.274983
0.274015
0.271758
0.270791
0.271436
0.270468
0.269178
0.269178
0.270468
0.271113
0.272081
0.271758
0.270791
0.272403
0.271758
0.270468
0.271113
0.272081
0.273048
0.272403
0.272726
0.272726
0.273048
0.273048
0.272081
0.272403
0.272726
0.272726
0.273693
0.272403
0.274015
0.275305
0.276273
0.277240
0.279497
0.279820
0.282077
0.281110
0.280787
0.280787
0.280787
0.282077
0.278530
0.277563
0.279175
0.278853
0.278530
0.279497
0.281432
0.282722
0.282722
0.281432
0.281432
0.280465
0.278853
0.279175
0.278530
0.281110
0.281432
0.282400
0.282722
0.281110
0.281432
0.280787
0.281110
0.279820
0.280465
0.282400
0.283045
0.283690
0.283690
0.283367
0.284012
0.280465
0.279497
0.280142
0.278208
0.278530
0.277563
0.277240
0.276595
0.278208
0.277240
0.278530
0.283045
0.281432
0.282077
0.282722
0.283367
0.283367
0.284335
0.283045
0.280787
0.282077
0.279175
0.275305
0.277563
0.275628
0.274983
0.275305
0.274338
0.273693
0.274338
0.274338
0.274015
0.273370
0.272726
0.273370
0.272403
0.272726
0.271436
0.267888
0.271758
0.272081
0.270146
0.271113
0.270146
0.270791
0.270468
0.270468
0.271436
0.271758
0.273370
0.274983
0.276595
0.278853
0.280142
0.281432
0.280465
0.282722
0.281755
0.282077
0.279497
0.279497
0.280787
0.279175
0.277885
0.277563
0.278208
0.280142
0.280142
0.281110
0.281110
0.282722
0.282722
0.281755
0.280142
0.281110
0.279820
0.277885
0.277563
0.278208
0.278853
0.279175
0.278853
0.277563
0.277240
0.276918
0.274983
0.274015
0.274015
0.274015
0.274983
0.275628
0.275950
0.275628
0.275305
0.273370
0.274015
0.272081
0.271758
0.271436
0.272081
0.272726
0.272403
0.273370
0.273693
0.273693
0.274983
0.273370
0.273693
0.273693
0.275305
0.274338
0.274338
0.275305
0.274983
0.274983
0.274660
0.275305
0.275950
0.276595
0.276595
0.279175
0.277240
0.278853
0.279497
0.280787
0.285302
0.283690
0.284980
0.283690
0.284012
0.283367
0.284012
0.281110
0.280142
0.280465
0.280142
0.279175
0.279175
0.279175
0.282077
0.283690
0.286269
0.282077
0.283045
0.282400
0.280465
0.280465
0.279497
0.280142
0.279820
0.279175
0.281755
0.279820
0.283367
0.281755
0.280465
0.279820
0.280465
0.278853
0.278208
0.277240
0.280787
0.280465
0.280787
0.281755
0.283045
0.283045
0.283045
0.285624
0.281110
0.280465
0.280142
0.278208
0.277885
0.278853
0.278208
0.276918
0.279175
0.277885
0.280142
0.279820
0.280787
0.282722
0.280465
0.279175
0.278853
0.277563
0.276595
0.275628
0.273693
0.273370
0.272403
0.271436
0.270468
0.271113
0.270791
0.272403
0.272081
0.271436
0.273048
0.272726
0.271758
0.272726
0.272403
0.272403
0.272403
0.271436
0.272726
0.273370
0.272081
0.271436
0.272726
0.271758
0.271436
0.271436
0.269823
0.270146
0.271113
0.271113
0.269501
0.272081
0.274015
0.275305
0.276918
0.278530
0.279175
0.280142
0.278853
0.278853
0.278530
0.278530
0.277240
0.275950
0.275305
0.277885
0.278530
0.279820
0.280142
0.280787
0.281432
0.281110
0.277240
0.280465
0.277885
0.278208
0.276918
0.278530
0.278853
0.279175
0.277240
0.277240
0.276918
0.276273
0.274660
0.273370
0.275628
0.274338
0.274338
0.274015
0.274660
0.275305
0.274338
0.274015
0.272726
0.272403
0.273693
0.273048
0.269823
0.269501
0.268856
0.268533
0.268533
0.267243
0.266598
0.267888
0.267566
0.267566
0.270468
0.272726
0.274660
0.276918
0.278208
0.274660
0.281110
0.281755
0.282722
0.283690
0.284012
0.284012
0.285302
0.284980
0.285947
0.286269
0.284657
0.284657
0.283690
0.282400
0.281432
0.278530
0.279820
0.277885
0.279820
0.277240
0.279820
0.280142
0.280465
0.283045
0.284335
0.283045
0.282077
0.281110
0.280465
0.278853
0.279820
0.277885
0.277885
0.278853
0.280465
0.280465
0.282400
0.283690
0.284657
0.282722
0.282077
0.280787
0.278208
0.279175
0.278208
0.277885
0.278853
0.279175
0.280142
0.279497
0.282077
0.283367
0.281432
0.279820
0.280142
0.278853
0.278853
0.277240
0.275950
0.276595
0.279497
0.278530
0.279175
0.280142
0.281110
0.280787
0.279497
0.278208
0.278530
0.278208
0.275950
0.274015
0.272726
0.271758
0.272403
0.270146
0.269823
0.268533
0.272081
0.268533
0.270791
0.270468
0.270791
0.270468
0.270791
0.269823
0.270791
0.270468
0.269823
0.268856
0.269823
0.269501
0.268856
0.268211
0.269178
0.268533
0.268211
0.267566
0.268211
0.268856
0.270468
0.270791
0.275628
0.273370
0.275305
0.276918
0.277885
0.277240
0.277885
0.277885
0.276595
0.277240
0.275950
0.274983
0.274660
0.276273
0.276918
0.279175
0.279820
0.280787
0.280465
0.280142
0.277563
0.277885
0.277885
0.278208
0.277240
0.276918
0.279175
0.283690
0.278530
0.278208
0.278208
0.277885
0.276595
0.274660
0.274015
0.273048
0.274015
0.271436
0.271436
0.272081
0.272726
0.274983
0.272726
0.275628
0.275628
0.276273
0.275305
0.274983
0.273693
0.274338
0.272081
0.271436
0.270468
0.269823
0.264019
0.268211
0.266276
0.266921
0.267888
0.270791
0.272081
0.274660
0.277885
0.279497
0.279175
0.281110
0.282400
0.284012
0.284335
0.284980
0.283367
0.286914
0.286269
0.286269
0.286269
0.287237
0.285624
0.285302
0.283367
0.282722
0.282400
0.280465
0.280142
0.280465
0.280142
0.281110
0.282077
0.282722
0.283367
0.285302
0.284980
0.284657
0.284657
0.282077
0.282400
0.281755
0.279175
0.279497
0.280142
0.279497
0.279820
0.280787
0.282077
0.283690
0.284012
0.283045
0.283045
0.281110
0.280142
0.280465
0.279820
0.279497
0.280142
0.281110
0.282722
0.281755
0.281755
0.280142
0.280142
0.278530
0.277885
0.278853
0.278530
0.278530
0.279175
0.280787
0.281110
0.282077
0.281110
0.279497
0.279497
0.277563
0.277563
0.274983
0.275950
0.274338
0.274338
0.272081
0.271758
0.270791
0.271758
0.270468
0.270468
0.271113
0.272081
0.270146
0.271113
0.269823
0.271436
0.270791
0.269823
0.269178
0.270468
0.269501
0.269823
0.269501
0.266921
0.270146
0.269501
0.267566
0.268211
0.268533
0.268856
0.268856
0.269823
0.269501
0.272081
0.273048
0.274983
0.276273
0.277885
0.278208
0.279497
0.278208
0.277563
0.278208
0.276595
0.275950
0.276273
0.276595
0.278208
0.279175
0.278530
0.278853
0.282722
0.278208
0.278208
0.277563
0.276918
0.276273
0.276595
0.276273
0.277563
0.278208
0.278208
0.278853
0.278530
0.277563
0.276918
0.276595
0.275950
0.274015
0.273048
0.273048
0.272081
0.272726
0.274015
0.275950
0.274660
0.274983
0.274338
0.277563
0.273693
0.274338
0.272726
0.271436
0.270791
0.269501
0.269823
0.268856
0.269501
0.269501
0.270791
0.270791
0.270468
0.272081
0.272403
0.277885
0.273370
0.272726
0.273370
0.273693
0.273048
0.273048
0.273693
0.274015
0.274015
0.273370
0.273048
0.275628
0.275628
0.276918
0.278208
0.280142
0.281432
0.282400
0.282077
0.281755
0.281755
0.280142
0.279175
0.278530
0.278530
0.278530
0.275628
0.279175
0.280142
0.282722
0.282722
0.283367
0.281755
0.282400
0.280465
0.280142
0.279175
0.279497
0.279820
0.281110
0.283045
0.283367
0.284335
0.284012
0.282400
0.282077
0.280142
0.281110
0.280465
0.282077
0.282400
0.284335
0.282722
0.280142
0.280787
0.280787
0.278853
0.279497
0.278853
0.280142
0.280787
0.282400
0.282722
0.283045
0.282400
0.281432
0.281432
0.279175
0.279175
0.277563
0.277563
0.275628
0.275305
0.273693
0.273048
0.272081
0.271436
0.270468
0.270468
0.269823
0.269501
0.270146
0.270468
0.271113
0.271113
0.270468
0.269501
0.271436
0.271758
0.271436
0.270146
0.270146
0.271113
0.270791
0.271113
0.270146
0.270791
0.270791
0.271436
0.269823
0.269823
0.270146
0.271436
0.270791
0.271436
0.273370
0.276595
0.276595
0.277563
0.279820
0.279497
0.279497
0.278208
0.277240
0.277563
0.276918
0.275628
0.275305
0.277563
0.278853
0.281110
0.281110
0.280465
0.279497
0.280142
0.278208
0.277885
0.276918
0.277563
0.276595
0.276273
0.276595
0.279175
0.278208
0.277885
0.277563
0.277563
0.276595
0.276595
0.273693
0.276595
0.274338
0.274338
0.274660
0.275950
0.275628
0.276595
0.275628
0.274983
0.273370
0.273693
0.271436
0.272081
0.271758
0.273370
0.273693
0.276273
0.274660
0.273048
0.273370
0.272403
0.271436
0.271758
0.270146
0.270468
0.270468
0.269823
0.267888
0.270468
0.269823
0.270791
0.270146
0.269823
0.269178
0.270146
0.269178
0.268533
0.268533
0.268211
0.269823
0.270468
0.269178
0.269178
0.270146
0.273048
0.274660
0.276595
0.278853
0.279497
0.278853
0.277885
0.278208
0.277563
0.276918
0.274015
0.275628
0.275950
0.277885
0.279175
0.279497
0.280787
0.280465
0.279497
0.278208
0.277240
0.278853
0.279820
0.279820
0.280787
0.282722
0.276918
0.279820
0.278530
0.278530
0.279820
0.281110
0.280787
0.281432
0.281432
0.280787
0.279175
0.278530
0.278208
0.279175
0.278208
0.280142
0.280142
0.283690
0.283367
0.283690
0.284012
0.284012
0.282400
0.281110
0.280787
0.279497
0.278530
0.277563
0.276273
0.275628
0.274983
0.274015
0.273370
0.274338
0.272403
0.272403
0.272081
0.273048
0.273693
0.274983
0.274660
0.277885
0.279175
0.280465
0.282077
0.284012
0.284012
0.286269
0.286269
0.287237
0.288849
0.290139
0.289817
0.290784
0.290784
0.291429
0.291751
0.289494
0.287882
0.288849
0.288849
0.285947
0.284980
0.284012
0.283690
0.281755
0.281110
0.281110
0.282077
0.283367
0.283690
0.284335
0.285947
0.285624
0.284335
0.283045
0.283690
0.282400
0.281755
0.281110
0.279820
0.282722
0.284012
0.283045
0.284335
0.284980
0.285624
0.283367
0.281755
0.279820
0.280465
0.278853
0.279175
0.279175
0.280465
0.280787
0.280142
0.278530
0.278208
0.277885
0.277240
0.275950
0.275950
0.276595
0.277240
0.277240
0.275950
0.275305
0.274660
0.273370
0.272726
0.271436
0.271758
0.272081
0.276273
0.272403
0.273693
0.272726
0.273048
0.273048
0.272081
0.271436
0.272081
0.271758
0.273048
0.272726
0.272081
0.270791
0.272726
0.271758
0.271436
0.271758
0.272081
0.271758
0.272726
0.270791
0.273048
0.273370
0.274338
0.275305
0.276595
0.282077
0.280142
0.280465
0.281755
0.281110
0.281755
0.280465
0.278853
0.278530
0.278853
0.278208
0.276595
0.276595
0.277563
0.279497
0.279497
0.283690
0.281755
0.281432
0.281110
0.279175
0.278853
0.279820
0.280142
0.279820
0.280465
0.283045
0.278853
0.281432
0.280787
0.280787
0.279820
0.278208
0.278530
0.278853
0.280465
0.281755
0.281432
0.281432
0.280787
0.279497
0.277885
0.277240
0.280142
0.277240
0.275628
0.275305
0.274338
0.275305
0.276595
0.277885
0.277885
0.277563
0.280142
0.279175
0.279820
0.281110
0.278853
0.278853
0.276595
0.276273
0.274015
0.274660
0.273048
0.274015
0.272726
0.274015
0.273693
0.273048
0.272081
0.271758
0.272726
0.272726
0.272081
0.272081
0.272081
0.272726
0.272403
0.273370
0.273370
0.273048
0.272081
0.273693
0.272403
0.271436
0.273048
0.272726
0.271758
0.272081
0.272726
0.271436
0.271113
0.272081
0.270468
0.273693
0.274660
0.276918
0.276273
0.279175
0.278853
0.280142
0.277563
0.276918
0.277563
0.276595
0.276273
0.275628
0.274983
0.276273
0.278208
0.278208
0.279175
0.280787
0.280465
0.279175
0.277885
0.276918
0.276918
0.276918
0.275305
0.275305
0.276595
0.277563
0.275950
0.275950
0.276273
0.275628
0.274660
0.273048
0.273048
0.273048
0.274660
0.274338
0.274983
0.275305
0.275305
0.274015
0.273693
0.271436
0.272403
0.270146
0.269178
0.268533
0.268533
0.267888
0.268211
0.268856
0.272081
0.274338
0.276918
0.277240
0.279820
0.280142
0.282077
0.283045
0.284657
0.284335
0.285947
0.285947
0.286592
0.286914
0.287559
0.287559
0.288849
0.288849
0.289172
0.287237
0.286914
0.285302
0.285302
0.283045
0.282722
0.282722
0.280787
0.280465
0.279820
0.279820
0.279497
0.280465
0.280142
0.281755
0.283367
0.283367
0.284335
0.284335
0.281110
0.281432
0.280465
0.278853
0.280465
0.280787
0.282077
0.283045
0.283690
0.284335
0.284335
0.283367
0.282077
0.281432
0.281432
0.280465
0.279497
0.279497
0.280787
0.282400
0.283045
0.284335
0.283367
0.284012
0.283367
0.282077
0.283367
0.280142
0.279175
0.278530
0.277240
0.277885
0.278208
0.277885
0.277885
0.279175
0.280142
0.281432
0.282077
0.280142
0.280142
0.279175
0.278530
0.277240
0.275628
0.275950
0.275628
0.275305
0.275628
0.275950
0.274983
0.274338
0.274338
0.276273
0.272081
0.274983
0.272726
0.273048
0.272726
0.271758
0.272403
0.271758
0.271113
0.271436
0.270791
0.271436
0.270791
0.270468
0.269178
0.273693
0.270468
0.271436
0.271436
0.274983
0.275950
0.276918
0.277563
0.279820
0.280465
0.282077
0.278853
0.278853
0.279820
0.280142
0.277240
0.277240
0.276273
0.277885
0.278853
0.279175
0.280142
0.283367
0.283690
0.281432
0.281755
0.279820
0.284657
0.278853
0.276595
0.276918
0.277240
0.279175
0.278208
0.278208
0.277563
0.278208
0.275950
0.272081
0.274338
0.274660
0.273370
0.273048
0.274015
0.274660
0.275628
0.274660
0.273693
0.274660
0.274660
0.273693
0.273048
0.272081
0.270791
0.268856
0.269178
0.268211
0.267566
0.267566
0.267243
0.268856
0.270146
0.273370
0.273693
0.274660
0.275628
0.275628
0.277240
0.277240
0.277240
0.277240
0.277885
0.276273
0.277563
0.277240
0.277240
0.277563
0.277240
0.276918
0.275950
0.275950
0.274338
0.275305
0.275305
0.274015
0.274660
0.274338
0.275950
0.276918
0.277240
0.279820
0.281755
0.281110
0.279820
0.279175
0.278530
0.278208
0.277885
0.277240
0.277885
0.278853
0.279497
0.280465
0.282722
0.282400
0.282077
0.281432
0.278853
0.278530
0.279175
0.277240
0.277240
0.277563
0.277885
0.278853
0.279497
0.280465
0.282077
0.283045
0.283045
0.282722
0.283045
0.283045
0.280787
0.280465
0.279497
0.278853
0.278530
0.277563
0.277563
0.277563
0.278530
0.278853
0.279820
0.280142
0.281755
0.281432
0.280465
0.278853
0.278853
0.277885
0.276918
0.276273
0.277563
0.277240
0.277563
0.276918
0.276595
0.276595
0.274660
0.275950
0.275305
0.274660
0.275305
0.274983
0.274983
0.275628
0.276273
0.277240
0.279175
0.280787
0.281110
0.282722
0.284980
0.284980
0.286269
0.284012
0.284657
0.285302
0.284335
0.283690
0.283367
0.282722
0.280787
0.281110
0.279175
0.279497
0.278853
0.278853
0.276595
0.279497
0.279175
0.281755
0.281432
0.282400
0.282722
0.283367
0.281110
0.280142
0.280142
0.279175
0.278208
0.277240
0.277240
0.278530
0.282722
0.279175
0.278853
0.278853
0.277563
0.276595
0.274983
0.275950
0.274983
0.274983
0.274660
0.275628
0.276273
0.277885
0.275628
0.276918
0.275950
0.275305
0.274338
0.273693
0.271758
0.272403
0.271758
0.269823
0.268856
0.268533
0.268211
0.271758
0.265954
0.266598
0.267243
0.267888
0.270146
0.273693
0.276273
0.278208
0.279175
0.280787
0.280787
0.284012
0.283367
0.283690
0.284012
0.287237
0.284335
0.287882
0.287882
0.288204
0.288849
0.289494
0.288849
0.287559
0.286269
0.285947
0.280787
0.283367
0.282077
0.281432
0.281755
0.282400
0.282722
0.283367
0.285624
0.284980
0.284657
0.284657
0.281755
0.282400
0.281755
0.280465
0.284335
0.280142
0.281755
0.283045
0.282722
0.283367
0.284980
0.283690
0.283367
0.280465
0.281110
0.280142
0.280465
0.278208
0.280465
0.280465
0.282722
0.283690
0.284012
0.284335
0.285302
0.284335
0.281432
0.280465
0.280142
0.279497
0.278853
0.274015
0.278853
0.278853
0.279175
0.279497
0.280787
0.282400
0.283690
0.282077
0.282400
0.281110
0.280465
0.278853
0.278853
0.276595
0.277240
0.275305
0.275305
0.275628
0.276595
0.276273
0.275950
0.275305
0.274660
0.274338
0.274338
0.273693
0.272403
0.274338
0.275305
0.274983
0.274983
0.276273
0.276273
0.277563
0.279820
0.280142
0.282077
0.282722
0.284335
0.285624
0.286592
0.286269
0.286592
0.287237
0.286592
0.284657
0.284335
0.283690
0.283367
0.282077
0.279820
0.280142
0.280787
0.277563
0.279497
0.279820
0.281755
0.283690
0.283045
0.282077
0.283690
0.283367
0.281755
0.280465
0.279820
0.279497
0.279497
0.277240
0.276918
0.278853
0.279497
0.279820
0.280142
0.280787
0.280787
0.280142
0.278530
0.277885
0.277563
0.277240
0.274660
0.273693
0.273370
0.273693
0.272726
0.273370
0.274338
0.275305
0.275305
0.276273
0.275628
0.275628
0.275950
0.274983
0.273693
0.272403
0.272081
0.270791
0.268856
0.269501
0.269178
0.270468
0.271758
0.272081
0.271436
0.272726
0.272726
0.273370
0.273370
0.273370
0.271758
0.273370
0.272403
0.272403
0.273048
0.271758
0.271436
0.272403
0.271113
0.271436
0.272081
0.271436
0.271113
0.273048
0.272403
0.274338
0.276273
0.275628
0.278530
0.280465
0.280787
0.281110
0.280787
0.279820
0.280142
0.279175
0.277885
0.277885
0.277563
0.277885
0.280142
0.278530
0.279175
0.282722
0.282400
0.283045
0.283045
0.282400
0.281110
0.278853
0.278853
0.278530
0.278208
0.278530
0.278208
0.280465
0.282722
0.283045
0.281755
0.281110
0.281110
0.280142
0.279497
0.278208
0.277563
0.278208
0.276273
0.280142
0.276918
0.277885
0.278853
0.280142
0.280142
0.283045
0.281755
0.283045
0.283690
0.283367
0.283367
0.284012
0.284012
0.283367
0.284335
0.286914
0.286592
0.288849
0.289172
0.290784
0.292719
0.292719
0.292719
0.293041
0.294654
0.293686
0.296589
0.294976
0.294654
0.295621
0.295299
0.296589
0.295944
0.296266
0.297878
0.297234
0.298201
0.297878
0.297878
0.297878
0.297878
0.295621
0.297878
0.294654
0.294009
0.290784
0.290139
0.288527
0.288527
0.286269
0.284657
0.284657
0.285302
0.287882
0.286592
0.286592
0.288527
0.288849
0.287882
0.286269
0.286269
0.284657
0.284335
0.280787
0.281110
0.282077
0.279175
0.278853
0.278853
0.282722
0.281755
0.281755
0.281110
0.280465
0.281755
0.280465
0.279175
0.278853
0.278208
0.275950
0.270791
0.273693
0.274015
0.274338
0.274983
0.275950
0.276273
0.276273
0.276918
0.276595
0.275628
0.274338
0.273048
0.272081
0.270146
0.269178
0.273370
0.268533
0.267888
0.269823
0.272726
0.274983
0.277563
0.278208
0.279497
0.280787
0.282400
0.282400
0.282400
0.281755
0.282722
0.282077
0.280787
0.282077
0.279497
0.280465
0.279497
0.278853
0.276595
0.277563
0.276595
0.277240
0.275950
0.275950
0.276595
0.279820
0.279820
0.279820
0.282722
0.284012
0.284012
0.283045
0.280465
0.281432
0.280142
0.279497
0.277885
0.278530
0.278853
0.279175
0.278530
0.279820
0.281432
0.283045
0.281755
0.281755
0.280787
0.280465
0.279497
0.278853
0.277563
0.279497
0.280142
0.281110
0.282077
0.281755
0.281755
0.281755
0.281432
0.278853
0.278530
0.277240
0.276918
0.277563
0.277240
0.276918
0.276918
0.278853
0.278853
0.280142
0.281432
0.282722
0.284012
0.283690
0.284012
0.285947
0.284335
0.282722
0.283690
0.284012
0.283045
0.283690
0.282400
0.285302
0.284980
0.286269
0.285302
0.281755
0.283690
0.283045
0.282722
0.281755
0.281432
0.280787
0.280787
0.279497
0.278208
0.278853
0.277563
0.277240
0.276595
0.276595
0.276918
0.276595
0.274983
0.275305
0.276918
0.277563
0.278208
0.277885
0.280142
0.282077
0.283045
0.282077
0.284657
0.283367
0.284012
0.282722
0.281110
0.282077
0.281755
0.279175
0.279175
0.278530
0.279497
0.279820
0.280787
0.281755
0.282722
0.284335
0.284012
0.282400
0.282722
0.282400
0.280142
0.278853
0.278530
0.277563
0.277885
0.277240
0.277240
0.277885
0.278853
0.277885
0.278208
0.277563
0.276918
0.275628
0.275950
0.272403
0.274660
0.272403
0.273048
0.274983
0.274983
0.275628
0.275950
0.274983
0.275305
0.274338
0.273048
0.271436
0.270468
0.270146
0.269823
0.268533
0.270468
0.270791
0.272403
0.272726
0.274660
0.275305
0.276273
0.276273
0.277563
0.276918
0.277885
0.277563
0.277885
0.276918
0.277885
0.277885
0.276595
0.277240
0.277240
0.275950
0.274660
0.274338
0.274660
0.274015
0.273048
0.275305
0.275305
0.274660
0.275950
0.276595
0.277885
0.278853
0.281755
0.281110
0.281432
0.282400
0.282077
0.281110
0.278853
0.278530
0.279820
0.280465
0.276595
0.281432
0.283045
0.283690
0.284335
0.283690
0.282077
0.283045
0.281110
0.279175
0.282722
0.280142
0.279820
0.280142
0.280787
0.283045
0.283045
0.284012
0.282722
0.282722
0.282722
0.281432
0.278853
0.279175
0.279175
0.278853
0.276273
0.276595
0.276595
0.277885
0.276918
0.277885
0.278530
0.280142
0.281110
0.280787
0.280787
0.285302
0.282077
0.280787
0.280142
0.281755
0.282077
0.281432
0.282400
0.281432
0.281110
0.280465
0.279497
0.279820
0.278530
0.278530
0.277240
0.279820
0.275950
0.276918
0.274983
0.276273
0.274983
0.275628
0.276273
0.274015
0.275628
0.276595
0.275305
0.277240
0.279820
0.280465
0.281755
0.283690
0.283367
0.284335
0.284012
0.284335
0.283367
0.283367
0.283045
0.280787
0.279175
0.280465
0.282400
0.278208
0.277885
0.280465
0.281755
0.283690
0.283367
0.282722
0.284335
0.284335
0.282077
0.280465
0.280465
0.279175
0.278853
0.276595
0.277240
0.279175
0.279497
0.277885
0.278530
0.277240
0.277563
0.276595
0.274338
0.272726
0.274983
0.276918
0.274015
0.274338
0.275950
0.276273
0.276273
0.274338
0.274338
0.273693
0.272726
0.271758
0.270146
0.268533
0.270468
0.266598
0.267243
0.266276
0.269823
0.271758
0.273693
0.275305
0.278208
0.280142
0.281110
0.281432
0.283690
0.284657
0.281432
0.284335
0.284980
0.285947
0.287882
0.287237
0.288204
0.288527
0.289172
0.287237
0.287237
0.286269
0.285624
0.284335
0.283045
0.281110
0.281432
0.281432
0.279497
0.279820
0.278208
0.278208
0.280142
0.281110
0.282722
0.283690
0.284012
0.282400
0.282722
0.281755
0.280787
0.279175
0.279497
0.279175
0.280142
0.281110
0.283045
0.283045
0.283690
0.281755
0.281110
0.281110
0.281110
0.278853
0.279820
0.280142
0.278853
0.281755
0.280787
0.283367
0.284012
0.282077
0.281110
0.280465
0.276918
0.279175
0.277563
0.275950
0.275628
0.275628
0.274660
0.273370
0.274015
0.274338
0.274015
0.274338
0.274983
0.275305
0.275950
0.277240
0.276595
0.278530
0.278530
0.279497
0.280787
0.281432
0.284012
0.285624
0.283690
0.283045
0.283367
0.283045
0.282077
0.280142
0.279497
0.280465
0.279820
0.278853
0.278208
0.277885
0.278208
0.278208
0.276595
0.277885
0.279497
0.280142
0.280142
0.281755
0.283690
0.284980
0.285624
0.285302
0.285302
0.285947
0.284335
0.284335
0.282077
0.282722
0.281432
0.280787
0.279175
0.279497
0.278208
0.279497
0.280142
0.282077
0.283045
0.283367
0.283045
0.283367
0.282722
0.282400
0.281110
0.280142
0.278208
0.278208
0.275628
0.276918
0.275950
0.277563
0.277563
0.278208
0.278208
0.277563
0.275628
0.275305
0.274338
0.274015
0.273048
0.275305
0.274983
0.275305
0.275950
0.275950
0.273370
0.274015
0.272403
0.271758
0.270146
0.270146
0.268211
0.267566
0.266921
0.268211
0.268211
0.269501
0.268856
0.271113
0.273693
0.276273
0.277885
0.277885
0.280142
0.282400
0.283367
0.284012
0.283045
0.285624
0.285624
0.285302
0.285302
0.287237
0.288204
0.287559
0.286914
0.286592
0.286914
0.284980
0.283367
0.282077
0.282400
0.281755
0.281110
0.278853
0.278853
0.279497
0.279175
0.278853
0.278853
0.279820
0.283045
0.282400
0.281755
0.281755
0.280787
0.284012
0.280142
0.278853
0.279175
0.280142
0.280465
0.281755
0.283367
0.283367
0.283045
0.280787
0.279820
0.279175
0.280142
0.278208
0.279820
0.279497
0.281432
0.283367
0.284012
0.283045
0.283367
0.281755
0.280787
0.280465
0.278853
0.278208
0.279497
0.277885
0.276918
0.276595
0.276918
0.275950
0.279497
0.280465
0.281432
0.281432
0.281755
