Samp. Freq.(Hz)   Sample#   Pulse Length (ms)
10000.000000	10000.000000	150.000000
	
Voltage(V) 
0.097300
0.097622
0.096655
0.095687
0.097622
0.097622
0.096655
0.096010
0.096977
0.096332
0.097622
0.096332
0.096655
0.097300
0.097622
0.096977
0.096332
0.096332
0.097300
0.097300
0.096655
0.097300
0.097622
0.096655
0.098590
0.096332
0.096332
0.097622
0.097622
0.097300
0.097622
0.097300
0.096977
0.096977
0.097622
0.096977
0.097945
0.098267
0.096977
0.097300
0.097622
0.097300
0.093752
0.098267
0.096655
0.097945
0.097300
0.096977
0.096977
0.096977
0.097300
0.097622
0.098590
0.096332
0.099879
0.097300
0.096977
0.096977
0.097300
0.096010
0.097622
0.097622
0.096655
0.097300
0.097300
0.095042
0.097300
0.097622
0.096332
0.096655
0.096977
0.096655
0.097300
0.095365
0.095042
0.097622
0.096655
0.096332
0.097622
0.096010
0.096977
0.097300
0.096977
0.096655
0.096977
0.096010
0.095365
0.096977
0.096655
0.097300
0.097945
0.096977
0.096655
0.098267
0.096010
0.096655
0.096977
0.095687
0.097300
0.097300
0.096010
0.097300
0.096977
0.097300
0.096332
0.096655
0.096977
0.097300
0.096010
0.096655
0.096977
0.096977
0.096655
0.096655
0.096655
0.096655
0.097622
0.096655
0.096332
0.097622
0.096655
0.097300
0.098590
0.098912
0.097300
0.097622
0.096977
0.097945
0.097945
0.096977
0.097945
0.097945
0.097622
0.097622
0.097945
0.097945
0.097945
0.097622
0.095687
0.097300
0.097945
0.097622
0.096655
0.096977
0.097300
0.098267
0.096655
0.096977
0.097300
0.098590
0.096977
0.097945
0.096332
0.098267
0.100202
0.097300
0.096655
0.097945
0.097945
0.096655
0.096655
0.096977
0.097300
0.098267
0.096010
0.092463
0.097300
0.097945
0.096977
0.096977
0.098267
0.097622
0.098267
0.096010
0.096977
0.097300
0.097300
0.096655
0.096977
0.096977
0.096977
0.096332
0.097300
0.096977
0.097945
0.096977
0.096655
0.096655
0.097622
0.096977
0.097300
0.097300
0.097622
0.097945
0.096332
0.096977
0.097945
0.097300
0.096977
0.097300
0.097622
0.096977
0.096977
0.096655
0.096977
0.097622
0.097945
0.096332
0.097622
0.097945
0.098267
0.097300
0.096977
0.097945
0.098912
0.098912
0.098267
0.097945
0.098590
0.096977
0.099235
0.098590
0.098590
0.099235
0.098912
0.097945
0.098590
0.098912
0.098267
0.096655
0.098912
0.097945
0.099235
0.097300
0.098590
0.098267
0.098267
0.098590
0.099235
0.098590
0.099235
0.098912
0.098912
0.098590
0.099235
0.098590
0.098590
0.098267
0.098267
0.097622
0.096655
0.094720
0.094075
0.091818
0.090205
0.087303
0.087625
0.085691
0.085368
0.082788
0.082143
0.081176
0.080209
0.079241
0.078596
0.077951
0.077629
0.076661
0.074404
0.076339
0.075694
0.074082
0.072792
0.072469
0.072147
0.071179
0.071179
0.070534
0.072147
0.070857
0.069567
0.069889
0.069567
0.069244
0.068277
0.069567
0.068277
0.067955
0.068600
0.067632
0.067955
0.068600
0.067632
0.067310
0.068600
0.066665
0.066665
0.067310
0.066987
0.066665
0.066987
0.066987
0.066987
0.066987
0.066020
0.066342
0.067310
0.066342
0.066665
0.066342
0.066020
0.066987
0.065375
0.066020
0.066342
0.067310
0.065375
0.064730
0.067310
0.066020
0.066020
0.065052
0.065375
0.066020
0.066020
0.065697
0.065697
0.065375
0.065375
0.066020
0.065052
0.064730
0.065697
0.065375
0.065052
0.065697
0.064730
0.066342
0.066020
0.065375
0.065375
0.066342
0.064407
0.065052
0.066020
0.066020
0.065052
0.065375
0.065375
0.065697
0.066020
0.064730
0.065052
0.066020
0.065697
0.064730
0.065375
0.065375
0.065375
0.066020
0.064730
0.064730
0.065375
0.065375
0.064407
0.065697
0.065052
0.064407
0.065052
0.064085
0.064730
0.066020
0.065052
0.064085
0.064407
0.064085
0.066020
0.064085
0.063440
0.065697
0.065052
0.064085
0.064730
0.065052
0.065052
0.065375
0.064407
0.064085
0.066342
0.065375
0.065052
0.065052
0.065375
0.065052
0.065697
0.063762
0.065375
0.065697
0.065052
0.064085
0.066342
0.065052
0.066020
0.065052
0.064730
0.065052
0.066020
0.065052
0.065052
0.065375
0.065697
0.066020
0.066020
0.065052
0.065052
0.067632
0.065052
0.065052
0.065697
0.065697
0.064730
0.064407
0.065697
0.065375
0.065697
0.064730
0.065375
0.065375
0.065697
0.065375
0.065375
0.065697
0.066342
0.065052
0.065052
0.065697
0.065697
0.064730
0.064730
0.064730
0.066342
0.066020
0.064730
0.064407
0.065375
0.065697
0.065052
0.065375
0.064407
0.064730
0.065375
0.064085
0.064730
0.065052
0.066020
0.064407
0.064730
0.064407
0.065375
0.065375
0.064407
0.065052
0.065375
0.064407
0.065697
0.066020
0.064730
0.065375
0.064730
0.064407
0.065052
0.066020
0.064407
0.064407
0.064730
0.064730
0.064407
0.064407
0.064730
0.066020
0.064407
0.065052
0.064730
0.065052
0.065375
0.065052
0.064730
0.065052
0.065052
0.065697
0.064407
0.064730
0.065052
0.065052
0.064730
0.065052
0.065375
0.065375
0.065052
0.065052
0.064730
0.064730
0.064407
0.064730
0.064730
0.065375
0.065052
0.064407
0.064730
0.065052
0.066020
0.065375
0.065697
0.066020
0.065375
0.065375
0.065375
0.065052
0.065052
0.065697
0.065697
0.064730
0.064730
0.065052
0.065697
0.065052
0.064407
0.065697
0.065052
0.065375
0.066020
0.065052
0.064085
0.065697
0.065052
0.065697
0.064730
0.064730
0.065052
0.065052
0.064407
0.064407
0.065052
0.065375
0.064407
0.064730
0.064730
0.064407
0.065052
0.064407
0.064730
0.064730
0.065052
0.064730
0.065052
0.065052
0.064407
0.065375
0.064730
0.066020
0.064730
0.065375
0.065375
0.065697
0.064730
0.064730
0.064730
0.065052
0.065052
0.064407
0.064085
0.064730
0.065375
0.065052
0.064407
0.065052
0.065375
0.065052
0.065375
0.064407
0.065052
0.065052
0.064730
0.064407
0.066020
0.065697
0.065052
0.065375
0.064730
0.066020
0.066665
0.064730
0.065052
0.065697
0.065697
0.064730
0.065375
0.064407
0.065375
0.065375
0.065375
0.064730
0.065375
0.065375
0.065375
0.064407
0.065375
0.066342
0.065052
0.063762
0.063762
0.066987
0.066342
0.065052
0.065697
0.065375
0.065375
0.064730
0.064730
0.064085
0.066020
0.064407
0.064407
0.065052
0.065052
0.064730
0.065375
0.065697
0.065375
0.064407
0.065052
0.064407
0.065052
0.065052
0.064407
0.063762
0.065375
0.065052
0.064085
0.064407
0.064730
0.064730
0.065697
0.064085
0.064730
0.065052
0.065052
0.064407
0.064730
0.063762
0.065697
0.064730
0.063440
0.064085
0.065697
0.065375
0.063762
0.065052
0.065375
0.065052
0.063762
0.064407
0.064085
0.065697
0.064730
0.063762
0.064730
0.064407
0.065375
0.064730
0.063762
0.064730
0.064730
0.064407
0.064730
0.065052
0.065052
0.065375
0.064085
0.065052
0.066342
0.066020
0.064407
0.066020
0.066020
0.065697
0.064407
0.065052
0.064730
0.065052
0.066020
0.065375
0.065697
0.065375
0.065375
0.064730
0.065697
0.065375
0.064730
0.065052
0.064730
0.064407
0.065375
0.065052
0.064085
0.065697
0.066020
0.065375
0.064730
0.065697
0.065375
0.065697
0.064730
0.065052
0.065052
0.065697
0.064730
0.064085
0.064730
0.066342
0.065375
0.064407
0.064407
0.065052
0.066020
0.065375
0.064085
0.065052
0.065697
0.064730
0.063762
0.064730
0.064407
0.065052
0.064407
0.065052
0.063117
0.065375
0.064407
0.064730
0.064730
0.065052
0.064730
0.064407
0.065052
0.065375
0.065052
0.063762
0.064407
0.066020
0.065375
0.064730
0.065052
0.065375
0.064730
0.064730
0.065052
0.065697
0.064730
0.064730
0.064407
0.065375
0.065375
0.065697
0.066020
0.064730
0.065052
0.064407
0.064407
0.064085
0.065697
0.065375
0.065052
0.065375
0.064085
0.066020
0.065697
0.065052
0.066020
0.066020
0.065375
0.065697
0.065375
0.064730
0.065697
0.064730
0.064730
0.065052
0.065052
0.065697
0.065375
0.064085
0.065375
0.064730
0.066020
0.065375
0.064730
0.065375
0.066020
0.064407
0.065052
0.065052
0.065375
0.064730
0.064730
0.065052
0.065052
0.064730
0.064730
0.064730
0.065052
0.064730
0.065375
0.064730
0.064730
0.065052
0.065697
0.064730
0.065697
0.064730
0.065375
0.065375
0.065375
0.065052
0.065052
0.064730
0.065052
0.064730
0.064730
0.064730
0.064730
0.065052
0.064730
0.064730
0.065375
0.066342
0.065052
0.065052
0.064730
0.064407
0.065375
0.065052
0.064730
0.065052
0.065375
0.065052
0.066020
0.065697
0.064730
0.065697
0.066020
0.065052
0.065375
0.064730
0.066342
0.064407
0.064085
0.065052
0.066020
0.065697
0.064730
0.064407
0.064085
0.065052
0.066020
0.064730
0.064407
0.065375
0.065697
0.065052
0.065375
0.065375
0.065697
0.065375
0.064730
0.065697
0.066020
0.065052
0.063762
0.064730
0.065375
0.065375
0.064407
0.064407
0.064407
0.065697
0.063762
0.065052
0.064407
0.065375
0.065052
0.065052
0.064730
0.065697
0.065375
0.064407
0.065052
0.065052
0.065375
0.065697
0.065052
0.064730
0.066342
0.064085
0.064407
0.066665
0.065052
0.065052
0.064407
0.065052
0.065052
0.066020
0.064407
0.064730
0.065375
0.065052
0.064730
0.064730
0.065052
0.064730
0.065697
0.064730
0.064407
0.065375
0.065375
0.064730
0.064730
0.065375
0.065697
0.065052
0.063440
0.065052
0.065375
0.065375
0.064085
0.064730
0.064730
0.066020
0.064407
0.064407
0.064730
0.066020
0.065375
0.063440
0.064407
0.065375
0.065052
0.065052
0.064407
0.064730
0.065052
0.065052
0.065375
0.064730
0.065697
0.065375
0.064730
0.064730
0.065052
0.065052
0.064085
0.065375
0.065375
0.066665
0.065052
0.065697
0.065697
0.065697
0.065697
0.065052
0.065697
0.065375
0.065375
0.063762
0.066020
0.064730
0.065697
0.064730
0.064730
0.065375
0.066020
0.064730
0.064085
0.065697
0.064730
0.065375
0.064730
0.064407
0.065375
0.065697
0.064730
0.065052
0.066342
0.065375
0.065375
0.064730
0.065375
0.066020
0.065697
0.064407
0.064407
0.065697
0.066342
0.065375
0.064407
0.065052
0.065697
0.065052
0.064085
0.065375
0.065697
0.065375
0.065052
0.064085
0.065375
0.065697
0.064407
0.064730
0.065697
0.064730
0.066020
0.064730
0.063762
0.065697
0.065697
0.064730
0.065375
0.064730
0.064730
0.065052
0.065375
0.065375
0.065375
0.064407
0.066020
0.065052
0.065052
0.064730
0.065052
0.065375
0.065375
0.065375
0.065375
0.065052
0.065697
0.064730
0.065375
0.066020
0.065052
0.065052
0.066665
0.065697
0.065052
0.065697
0.065052
0.066020
0.065052
0.065697
0.065697
0.065375
0.065375
0.065375
0.065052
0.065375
0.066020
0.064730
0.065052
0.065052
0.066020
0.065375
0.065375
0.065052
0.065697
0.065052
0.064407
0.064407
0.065375
0.065697
0.065052
0.064730
0.065375
0.066342
0.065052
0.064730
0.065375
0.065697
0.065697
0.064730
0.064085
0.065697
0.065697
0.065052
0.064085
0.064730
0.065375
0.065697
0.064407
0.065052
0.064407
0.066665
0.065697
0.063762
0.064407
0.065375
0.064085
0.063762
0.064407
0.065052
0.064085
0.064407
0.064407
0.064407
0.065375
0.065052
0.063762
0.065052
0.065052
0.064407
0.064407
0.065052
0.064730
0.064730
0.064407
0.064730
0.065052
0.065697
0.063762
0.064085
0.065052
0.064730
0.065697
0.064407
0.063762
0.065697
0.063440
0.062150
0.064407
0.064730
0.064085
0.065052
0.064085
0.064730
0.065052
0.064407
0.064730
0.066342
0.064085
0.063762
0.066342
0.066020
0.065697
0.065697
0.064085
0.065052
0.064730
0.065697
0.064730
0.064730
0.065375
0.065052
0.065052
0.064730
0.065052
0.065375
0.065375
0.065052
0.064730
0.065375
0.066342
0.065052
0.064730
0.065375
0.065052
0.064730
0.064730
0.064407
0.065375
0.064407
0.064730
0.064407
0.065375
0.064407
0.063762
0.065375
0.065052
0.064730
0.065375
0.064407
0.065697
0.065375
0.065375
0.063762
0.066020
0.064407
0.064730
0.065052
0.062473
0.065375
0.065052
0.064085
0.063762
0.065375
0.064730
0.064730
0.064085
0.063440
0.065375
0.065052
0.064085
0.064730
0.065697
0.065052
0.065375
0.063440
0.064407
0.065697
0.065052
0.063762
0.065052
0.065052
0.064730
0.064407
0.064407
0.064407
0.066020
0.064730
0.063762
0.065052
0.065052
0.065052
0.064085
0.064407
0.064730
0.064730
0.064085
0.064730
0.065375
0.065375
0.064407
0.064407
0.065697
0.065375
0.065375
0.065697
0.065375
0.064730
0.065697
0.065375
0.065375
0.064730
0.066020
0.063117
0.064730
0.065052
0.065697
0.064730
0.064407
0.065052
0.065375
0.064730
0.065375
0.065375
0.065052
0.065052
0.064407
0.064730
0.065697
0.065375
0.063762
0.064730
0.064730
0.065375
0.065052
0.063762
0.064407
0.064730
0.064407
0.063762
0.064407
0.065375
0.065375
0.064407
0.064407
0.065052
0.065052
0.064730
0.064407
0.064730
0.065052
0.065375
0.065052
0.065052
0.063440
0.065697
0.065697
0.062795
0.064085
0.064730
0.064730
0.064730
0.063762
0.065052
0.065052
0.064407
0.064730
0.065697
0.064730
0.065375
0.065052
0.065697
0.065052
0.065697
0.064730
0.066020
0.064730
0.064407
0.065052
0.065375
0.065052
0.065697
0.064730
0.064730
0.065697
0.065697
0.064407
0.065375
0.065375
0.065697
0.065697
0.065375
0.064730
0.066020
0.065375
0.064730
0.064730
0.065052
0.065375
0.065052
0.064730
0.065697
0.066020
0.066342
0.065697
0.065375
0.066020
0.066342
0.064407
0.065052
0.065052
0.065697
0.064730
0.064730
0.065697
0.065375
0.065375
0.065375
0.065052
0.064730
0.065697
0.065052
0.065375
0.066020
0.064407
0.064730
0.065697
0.064730
0.065375
0.065375
0.064730
0.064730
0.065375
0.064407
0.064407
0.065375
0.064407
0.065697
0.065052
0.065697
0.065697
0.064407
0.065375
0.064407
0.064730
0.064730
0.065052
0.064407
0.065375
0.065052
0.064730
0.064085
0.064407
0.065052
0.063440
0.065375
0.064730
0.064085
0.065052
0.064407
0.064730
0.065052
0.064730
0.064730
0.065375
0.064085
0.064730
0.065375
0.064730
0.064407
0.064730
0.063762
0.064730
0.065375
0.065375
0.064730
0.065697
0.065052
0.065375
0.064730
0.064407
0.065052
0.065697
0.064730
0.064730
0.065375
0.064407
0.065052
0.065697
0.064407
0.065697
0.065697
0.064730
0.065052
0.066342
0.065375
0.065052
0.064407
0.065375
0.065052
0.065697
0.064407
0.065052
0.064085
0.066665
0.065375
0.064730
0.065052
0.065375
0.065052
0.064407
0.065697
0.065375
0.065052
0.065052
0.064085
0.065697
0.064730
0.065052
0.064730
0.066342
0.065052
0.065052
0.064730
0.065052
0.064407
0.065697
0.064407
0.065375
0.065375
0.064085
0.065375
0.065052
0.064407
0.064730
0.065052
0.064085
0.064730
0.064407
0.064085
0.064085
0.065375
0.064085
0.064407
0.063440
0.064730
0.065697
0.064730
0.064085
0.064407
0.064085
0.065052
0.066020
0.063762
0.064730
0.065375
0.064730
0.064085
0.064407
0.065375
0.063762
0.066020
0.063762
0.065375
0.065375
0.066020
0.064407
0.066020
0.065052
0.065375
0.065052
0.065375
0.065375
0.064085
0.065052
0.065697
0.065697
0.064730
0.064730
0.064730
0.065697
0.065052
0.064730
0.065052
0.065375
0.066020
0.064407
0.064730
0.065697
0.066020
0.064407
0.065375
0.065375
0.066342
0.065375
0.065052
0.065052
0.065375
0.065375
0.064085
0.065375
0.066342
0.064407
0.064407
0.064730
0.064730
0.066020
0.065375
0.064085
0.065375
0.066665
0.065375
0.064407
0.065052
0.065052
0.066342
0.064407
0.064407
0.065697
0.066665
0.064407
0.064407
0.065375
0.066342
0.065052
0.065052
0.064730
0.065697
0.065697
0.064730
0.064407
0.064407
0.066020
0.064085
0.064085
0.065375
0.065375
0.063762
0.064407
0.065375
0.065052
0.065697
0.064407
0.064085
0.064730
0.065375
0.064730
0.065052
0.065375
0.064407
0.066020
0.065697
0.064407
0.065375
0.066020
0.063762
0.065052
0.065697
0.065375
0.064407
0.065052
0.064085
0.065052
0.064407
0.064407
0.065052
0.065697
0.064407
0.064085
0.064730
0.065052
0.066020
0.064407
0.063762
0.065697
0.064407
0.064407
0.064085
0.064730
0.065375
0.065375
0.065052
0.065697
0.065375
0.065052
0.064407
0.065375
0.065052
0.065697
0.064730
0.066020
0.065052
0.066020
0.064730
0.065375
0.066020
0.066020
0.064407
0.065052
0.066342
0.066342
0.065375
0.065052
0.063117
0.065697
0.064730
0.065375
0.064730
0.065052
0.065697
0.064730
0.064407
0.065697
0.065697
0.065375
0.064730
0.064085
0.064730
0.064730
0.064407
0.065052
0.065052
0.065052
0.065052
0.064407
0.064407
0.064407
0.064407
0.063762
0.064730
0.065375
0.063762
0.064407
0.065052
0.065375
0.064730
0.064407
0.064085
0.064085
0.065052
0.064085
0.064730
0.064730
0.064407
0.064085
0.065052
0.063762
0.065697
0.064730
0.065697
0.067632
0.069567
0.071179
0.073114
0.074727
0.075694
0.076984
0.077951
0.079241
0.081498
0.080531
0.081821
0.082466
0.084078
0.084401
0.086013
0.085368
0.087948
0.090205
0.087625
0.088270
0.090528
0.090205
0.090528
0.091173
0.091173
0.091495
0.092140
0.091818
0.092140
0.093430
0.093108
0.093108
0.093430
0.094720
0.094075
0.093430
0.094720
0.094720
0.095365
0.093752
0.095042
0.094720
0.095687
0.096010
0.095687
0.095042
0.097300
0.095365
0.095687
0.096010
0.096332
0.097300
0.096655
0.096010
0.096655
0.097300
0.096655
0.095365
0.096655
0.096977
0.096977
0.096655
0.096332
0.099235
0.097622
0.096332
0.096332
0.097300
0.096977
0.095687
0.096332
0.095687
0.097300
0.096332
0.096332
0.096010
0.097300
0.097300
0.096010
0.096332
0.096655
0.097622
0.096010
0.096010
0.096977
0.097300
0.095687
0.096655
0.096977
0.096332
0.097300
0.096332
0.096332
0.097300
0.097945
0.096655
0.096332
0.096977
0.096655
0.096010
0.096977
0.097300
0.097622
0.097300
0.096010
0.096655
0.097945
0.097622
0.092463
0.096010
0.097622
0.096977
0.097300
0.095687
0.096010
0.097300
0.096977
0.096332
0.097300
0.096332
0.093752
0.096332
0.096332
0.096977
0.098590
0.096977
0.096977
0.096332
0.096977
0.096655
0.096332
0.095687
0.098267
0.096332
0.096010
0.096332
0.097300
0.095687
0.097300
0.096332
0.097300
0.096332
0.095042
0.097622
0.098267
0.096010
0.097300
0.095687
0.096977
0.096655
0.097300
0.096655
0.097300
0.095687
0.099235
0.096977
0.096010
0.096332
0.097622
0.096977
0.096655
0.096977
0.097300
0.096332
0.096655
0.095687
0.098912
0.096977
0.097622
0.096332
0.096010
0.096655
0.096977
0.096332
0.096655
0.096332
0.096977
0.097300
0.096977
0.096977
0.096977
0.096655
0.096332
0.096010
0.097300
0.097622
0.096010
0.096655
0.097300
0.098267
0.098267
0.096010
0.096010
0.096977
0.097945
0.096655
0.096977
0.097300
0.097945
0.096332
0.097622
0.097622
0.096977
0.096010
0.097945
0.096655
0.097300
0.098267
0.097622
0.096332
0.097622
0.095365
0.097300
0.097945
0.097300
0.097622
0.097945
0.097945
0.097300
0.097945
0.096977
0.097945
0.096977
0.096332
0.097945
0.097300
0.096332
0.097945
0.096977
0.097300
0.096332
0.097945
0.096655
0.098590
0.096010
0.097300
0.096977
0.098267
0.095365
0.097622
0.098267
0.097945
0.096977
0.096977
0.095365
0.097945
0.096977
0.096655
0.096332
0.097622
0.097300
0.096655
0.096655
0.097945
0.097945
0.097300
0.096655
0.098912
0.096010
0.096977
0.096655
0.095687
0.096655
0.097300
0.096332
0.096977
0.097300
0.097945
0.098267
0.101169
0.096655
0.097622
0.098267
0.096977
0.097300
0.097622
0.097622
0.097622
0.096977
0.097945
0.097945
0.097300
0.096655
0.097945
0.096977
0.097945
0.097300
0.096655
0.096655
0.098912
0.096010
0.096655
0.097945
0.098590
0.097300
0.096977
0.097622
0.097622
0.097945
0.096655
0.097300
0.098267
0.096655
0.098267
0.097945
0.097300
0.098267
0.097945
0.096977
0.098267
0.098590
0.097300
0.096977
0.097300
0.099557
0.098267
0.097622
0.097945
0.097300
0.098267
0.098912
0.097945
0.096977
0.097945
0.097945
0.097945
0.102137
0.097945
0.098590
0.097300
0.096977
0.097300
0.098267
0.097622
0.097300
0.096977
0.097622
0.098590
0.098912
0.096010
0.097622
0.097945
0.097300
0.097300
0.097300
0.097622
0.097300
0.096332
0.097300
0.097945
0.096655
0.096655
0.097622
0.097300
0.097622
0.097300
0.096977
0.097300
0.097622
0.096977
0.097945
0.097622
0.097622
0.098267
0.097622
0.096977
0.098590
0.097622
0.097300
0.096977
0.097300
0.102137
0.098267
0.096655
0.097945
0.097945
0.096977
0.096332
0.096977
0.097300
0.098267
0.096977
0.097945
0.101492
0.098267
0.096332
0.097622
0.099879
0.097945
0.096977
0.097945
0.097622
0.097945
0.097622
0.097622
0.097622
0.098267
0.097945
0.098590
0.098590
0.098590
0.098267
0.098267
0.097945
0.098590
0.096977
0.098590
0.097622
0.097622
0.097945
0.097945
0.097945
0.096655
0.097945
0.098267
0.097622
0.097622
0.098267
0.096332
0.097300
0.097300
0.096977
0.096977
0.097945
0.096977
0.097300
0.097300
0.098267
0.101814
0.097945
0.097300
0.098590
0.097622
0.097945
0.097945
0.096332
0.098590
0.099557
0.096332
0.097622
0.102137
0.098267
0.097300
0.098267
0.097300
0.098590
0.097622
0.096655
0.097945
0.097945
0.096977
0.097300
0.097300
0.097300
0.098267
0.097622
0.097300
0.098267
0.097622
0.097300
0.097300
0.097622
0.097945
0.097622
0.097945
0.097300
0.097300
0.098267
0.096977
0.097622
0.097945
0.098912
0.097622
0.097945
0.096977
0.098267
0.097300
0.097300
0.097622
0.097945
0.097300
0.098267
0.097945
0.096655
0.099235
0.102782
0.097300
0.097622
0.098267
0.098267
0.097945
0.098267
0.097300
0.098267
0.097945
0.097945
0.098590
0.098912
0.097622
0.098590
0.097945
0.098267
0.098590
0.097622
0.097945
0.098590
0.097300
0.097622
0.097945
0.098267
0.097945
0.097945
0.097622
0.098590
0.097945
0.097622
0.097945
0.097945
0.098267
0.096977
0.096977
0.097300
0.097622
0.097945
0.097622
0.097945
0.097300
0.098267
0.097300
0.096977
0.097945
0.098267
0.097945
0.096655
0.097300
0.097622
0.097945
0.096332
0.096977
0.097945
0.097945
0.096977
0.097945
0.096655
0.097945
0.097622
0.096655
0.096655
0.097945
0.097945
0.097622
0.096977
0.097622
0.098590
0.100847
0.097300
0.097300
0.098590
0.098912
0.098267
0.097622
0.098590
0.097945
0.097300
0.098267
0.096977
0.097945
0.097622
0.097622
0.097300
0.097945
0.097622
0.097945
0.096977
0.097300
0.096977
0.097945
0.097300
0.096977
0.097300
0.097300
0.098267
0.098590
0.095365
0.097300
0.098267
0.097945
0.097300
0.097945
0.097622
0.097622
0.098267
0.097300
0.096332
0.098267
0.097622
0.097622
0.096332
0.097300
0.098267
0.097945
0.097622
0.097945
0.097945
0.097622
0.098590
0.097622
0.096655
0.098590
0.098590
0.094075
0.097300
0.097945
0.097622
0.098590
0.097622
0.096977
0.098267
0.097300
0.097300
0.096655
0.097622
0.095687
0.097945
0.096655
0.097300
0.097622
0.098267
0.097622
0.097300
0.096010
0.100202
0.097622
0.096977
0.096977
0.098267
0.097300
0.096332
0.096977
0.097945
0.097945
0.096332
0.096655
0.097300
0.096977
0.097622
0.097622
0.097300
0.097622
0.097945
0.097622
0.097622
0.097300
0.097622
0.097300
0.097945
0.096977
0.099557
0.097945
0.098267
0.097622
0.097945
0.096977
0.097622
0.096655
0.097945
0.096977
0.101492
0.096977
0.097945
0.096977
0.097945
0.097300
0.098267
0.097945
0.097622
0.097300
0.098267
0.099557
0.101814
0.095687
0.098912
0.098267
0.097945
0.097300
0.097945
0.098590
0.099557
0.097622
0.096655
0.096655
0.098590
0.098590
0.096655
0.097300
0.098267
0.098590
0.097300
0.097622
0.097300
0.099557
0.097622
0.097300
0.097945
0.098590
0.098590
0.097622
0.097300
0.096977
0.097300
0.097945
0.097300
0.097300
0.098267
0.097300
0.097300
0.097945
0.096977
0.097945
0.097300
0.098267
0.096977
0.096977
0.097300
0.096010
0.096655
0.097622
0.096977
0.097622
0.098912
0.097300
0.096655
0.096655
0.097300
0.097622
0.097945
0.101492
0.096655
0.097300
0.097622
0.096977
0.096655
0.097945
0.097300
0.097622
0.096977
0.097300
0.097622
0.098912
0.096977
0.097300
0.098590
0.097945
0.097622
0.097300
0.095687
0.098267
0.097622
0.096977
0.097300
0.096977
0.096977
0.098590
0.097300
0.096332
0.097622
0.098267
0.096977
0.098267
0.097300
0.098590
0.098267
0.097945
0.097300
0.097945
0.097622
0.098590
0.097622
0.097945
0.097622
0.097945
0.100847
0.097622
0.097300
0.096655
0.097300
0.097945
0.097945
0.097300
0.098267
0.098267
0.097945
0.097300
0.100524
0.097945
0.097945
0.096977
0.097300
0.097622
0.097622
0.098590
0.097300
0.097300
0.096977
0.097945
0.097300
0.096655
0.097622
0.098590
0.096655
0.097300
0.097945
0.096977
0.097300
0.096977
0.096977
0.097300
0.098267
0.096010
0.096332
0.096977
0.098267
0.097300
0.096655
0.098267
0.096332
0.097622
0.098590
0.097622
0.096332
0.097945
0.098267
0.096655
0.097300
0.097945
0.097622
0.097300
0.097945
0.096977
0.097300
0.097300
0.096655
0.098590
0.097945
0.096977
0.096977
0.097622
0.097300
0.097622
0.093108
0.096655
0.097622
0.097945
0.096977
0.096977
0.096655
0.097622
0.097945
0.096655
0.096977
0.096977
0.092785
0.097622
0.097945
0.096655
0.097622
0.096655
0.097945
0.096655
0.098267
0.097300
0.097622
0.097622
0.098267
0.096010
0.096655
0.096977
0.097945
0.096977
0.096977
0.095687
0.097622
0.096332
0.098590
0.095365
0.097300
0.096977
0.098912
0.095687
0.096655
0.095687
0.098590
0.096977
0.096655
0.096655
0.097945
0.096977
0.097300
0.097300
0.097300
0.096655
0.098590
0.096655
0.096977
0.097945
0.097622
0.093430
0.097622
0.097300
0.097300
0.096977
0.096332
0.097622
0.097300
0.095687
0.096977
0.097300
0.097622
0.096010
0.098267
0.096332
0.097622
0.097622
0.095042
0.096977
0.097945
0.097622
0.097300
0.096332
0.096332
0.097945
0.096977
0.096010
0.097622
0.097622
0.096655
0.097300
0.097622
0.097300
0.098267
0.096655
0.096977
0.097622
0.098267
0.097300
0.096655
0.096332
0.097945
0.098267
0.096977
0.096332
0.098267
0.097945
0.096977
0.097622
0.097622
0.097622
0.098590
0.097300
0.097300
0.097300
0.098267
0.098267
0.099235
0.098267
0.097945
0.098267
0.096655
0.097945
0.097945
0.097622
0.096332
0.097300
0.098267
0.098267
0.101169
0.096977
0.096655
0.097622
0.096332
0.096655
0.096010
0.097622
0.095687
0.096332
0.096655
0.097300
0.097945
0.096332
0.097622
0.097945
0.097622
0.097300
0.096655
0.097945
0.097622
0.097300
0.096655
0.097945
0.096977
0.096977
0.096655
0.097300
0.096010
0.096977
0.096332
0.096655
0.096655
0.096977
0.097300
0.096332
0.096332
0.097622
0.096977
0.096010
0.096332
0.097945
0.097622
0.096655
0.096655
0.098590
0.096332
0.097300
0.097300
0.097300
0.096655
0.097300
0.097300
0.096332
0.096010
0.096977
0.096332
0.096332
0.096332
0.098267
0.096977
0.096655
0.096977
0.097300
0.096332
0.097300
0.096655
0.097300
0.095042
0.096977
0.096977
0.097300
0.097300
0.096332
0.097300
0.097622
0.096977
0.097300
0.097300
0.097300
0.097622
0.097300
0.096977
0.096977
0.097300
0.097300
0.096977
0.096977
0.097300
0.097622
0.096977
0.096010
0.097300
0.097622
0.097945
0.097300
0.095687
0.097622
0.096977
0.096655
0.096010
0.096977
0.098590
0.096977
0.096977
0.096010
0.097622
0.097945
0.096977
0.096332
0.096655
0.096977
0.096977
0.095365
0.096977
0.096977
0.097300
0.096655
0.097622
0.096332
0.097300
0.096332
0.097945
0.096655
0.096655
0.094397
0.096655
0.097300
0.096332
0.096655
0.097300
0.096010
0.096977
0.096977
0.096332
0.095687
0.097622
0.096977
0.096010
0.096655
0.097300
0.096332
0.096332
0.097300
0.097622
0.095687
0.097300
0.096332
0.096332
0.096332
0.096655
0.096977
0.096977
0.097300
0.097300
0.096332
0.096332
0.097300
0.096655
0.096655
0.097622
0.096977
0.096655
0.097300
0.096655
0.096977
0.097300
0.097622
0.097300
0.096655
0.099879
0.096977
0.097300
0.097622
0.096655
0.096977
0.096655
0.097300
0.096332
0.096977
0.096977
0.096977
0.101169
0.096977
0.097622
0.097300
0.096010
0.097622
0.096977
0.096977
0.097622
0.096332
0.097300
0.098267
0.095042
0.096655
0.096332
0.097945
0.097300
0.096977
0.096332
0.097300
0.097300
0.096010
0.097300
0.096655
0.096655
0.096332
0.096977
0.097300
0.097300
0.096977
0.096977
0.097945
0.096977
0.095687
0.096655
0.096977
0.096332
0.096977
0.096010
0.096655
0.097622
0.096977
0.096655
0.096010
0.096332
0.099235
0.096332
0.096332
0.096977
0.096977
0.097300
0.096655
0.096010
0.096655
0.097945
0.097622
0.095687
0.099557
0.096332
0.096332
0.097300
0.097300
0.096010
0.096977
0.096332
0.097622
0.096010
0.096977
0.096655
0.097300
0.096332
0.097300
0.097300
0.096655
0.096332
0.096977
0.096332
0.096977
0.097300
0.096655
0.096977
0.096655
0.096977
0.098267
0.096977
0.097622
0.095687
0.097300
0.097622
0.097300
0.095687
0.096655
0.097300
0.097622
0.096332
0.096977
0.096655
0.096655
0.096655
0.096977
0.096655
0.096977
0.097945
0.095687
0.096010
0.096655
0.096977
0.097622
0.095687
0.094397
0.096332
0.096977
0.096010
0.092140
0.097300
0.096655
0.096655
0.096977
0.096332
0.096655
0.096977
0.096332
0.096332
0.096332
0.096655
0.096655
0.096010
0.096332
0.096977
0.095687
0.096655
0.096332
0.096332
0.095687
0.095687
0.095687
0.096010
0.096332
0.096332
0.096010
0.097945
0.096977
0.096010
0.096010
0.096010
0.096332
0.096977
0.095687
0.096010
0.096655
0.097300
0.096010
0.097622
0.095687
0.096655
0.097945
0.096010
0.094397
0.098912
0.096977
0.096977
0.097300
0.096332
0.096332
0.096655
0.096655
0.096655
0.096010
0.096010
0.095687
0.102137
0.096332
0.096332
0.096655
0.096977
0.097622
0.096977
0.096010
0.097300
0.097300
0.097945
0.095687
0.100524
0.096010
0.097300
0.096977
0.095687
0.096332
0.096977
0.096977
0.096977
0.095687
0.096010
0.097622
0.096010
0.096655
0.096010
0.097622
0.096332
0.096977
0.096977
0.096010
0.097300
0.096655
0.095365
0.096977
0.097945
0.096977
0.096655
0.095365
0.096655
0.096655
0.096010
0.096010
0.096332
0.096655
0.095687
0.098267
0.096332
0.097300
0.096332
0.096655
0.096010
0.097622
0.095687
0.095365
0.096655
0.096655
0.095365
0.096010
0.096010
0.096655
0.096655
0.095687
0.095042
0.096010
0.096010
0.096655
0.095365
0.096655
0.097300
0.097945
0.096010
0.096977
0.096332
0.097622
0.096332
0.096332
0.095687
0.096332
0.095365
0.096332
0.095687
0.096977
0.096655
0.095042
0.096655
0.096010
0.096010
0.096332
0.096332
0.096332
0.096977
0.096010
0.094397
0.096655
0.096010
0.096655
0.096332
0.096655
0.097300
0.097622
0.096332
0.096977
0.096977
0.097945
0.096977
0.095687
0.097300
0.096655
0.097300
0.096655
0.096655
0.096332
0.096977
0.096332
0.096977
0.096655
0.096977
0.097300
0.096977
0.096655
0.096655
0.096977
0.096010
0.098590
0.096977
0.097300
0.096332
0.096010
0.096977
0.096010
0.097300
0.097622
0.095365
0.095687
0.096977
0.096655
0.096010
0.096655
0.097622
0.096010
0.096655
0.096977
0.096655
0.096332
0.095687
0.095687
0.096010
0.096977
0.096332
0.096010
0.096332
0.096977
0.096332
0.095687
0.096010
0.096332
0.096977
0.095687
0.096010
0.096010
0.096655
0.096655
0.096010
0.096655
0.096010
0.096655
0.096655
0.096332
0.096332
0.096977
0.096977
0.096010
0.096332
0.096977
0.096655
0.097300
0.096010
0.095687
0.096977
0.096977
0.098912
0.094397
0.095687
0.096332
0.097622
0.096655
0.096977
0.095687
0.097622
0.096655
0.097622
0.095687
0.098912
0.097945
0.097300
0.097300
0.096977
0.096332
0.097622
0.097622
0.097300
0.096010
0.097300
0.096332
0.096655
0.095687
0.096332
0.096977
0.097300
0.095042
0.096332
0.096332
0.097300
0.096655
0.096977
0.096010
0.096977
0.096010
0.096655
0.096655
0.096332
0.096655
0.096655
0.096332
0.095687
0.097622
0.096977
0.096655
0.096010
0.095365
0.097300
0.096332
0.095687
0.097622
0.096655
0.096010
0.095687
0.096332
0.096977
0.096332
0.096010
0.096655
0.096010
0.096655
0.096332
0.096010
0.096332
0.096332
0.093108
0.096655
0.096010
0.096977
0.096010
0.096332
0.095365
0.096977
0.095687
0.095687
0.096332
0.096332
0.092463
0.095365
0.095687
0.096655
0.096655
0.096010
0.095365
0.096655
0.096332
0.096655
0.096977
0.096010
0.096010
0.097945
0.096010
0.095687
0.096332
0.098590
0.094720
0.095042
0.096010
0.096655
0.096010
0.095687
0.096977
0.097300
0.096977
0.096010
0.096010
0.096977
0.097622
0.096655
0.096977
0.096655
0.096332
0.096977
0.095687
0.097300
0.096655
0.097300
0.097300
0.094397
0.096010
0.098267
0.096332
0.094075
0.097300
0.096977
0.096977
0.096010
0.096977
0.096655
0.096332
0.096010
0.096655
0.096332
0.095365
0.097622
0.097300
0.096332
0.095687
0.096655
0.096010
0.097300
0.095687
0.095687
0.096977
0.096655
0.096010
0.097622
0.096010
0.096010
0.096010
0.097300
0.095687
0.095687
0.096332
0.096332
0.097622
0.095042
0.096332
0.096655
0.096332
0.095687
0.096010
0.095687
0.095687
0.095687
0.096010
0.095687
0.096010
0.096010
0.096010
0.095687
0.095687
0.096332
0.096655
0.095042
0.096655
0.096332
0.095687
0.096010
0.096655
0.096332
0.096977
0.096010
0.096332
0.096977
0.096655
0.095687
0.096977
0.096010
0.096332
0.096977
0.098267
0.094720
0.098912
0.097300
0.096977
0.096977
0.096977
0.097300
0.096010
0.096010
0.096977
0.096332
0.096655
0.096010
0.096977
0.096332
0.096332
0.095687
0.096977
0.097300
0.096977
0.096655
0.096655
0.096977
0.096655
0.096332
0.096655
0.096332
0.096655
0.097300
0.095687
0.095687
0.097300
0.097300
0.096655
0.096655
0.096655
0.097300
0.096332
0.096655
0.096332
0.096977
0.096655
0.095365
0.096010
0.096977
0.097622
0.096010
0.096010
0.096010
0.096655
0.094075
0.095365
0.096332
0.095365
0.096655
0.095365
0.094720
0.096010
0.096977
0.096010
0.095042
0.096010
0.096977
0.096655
0.096977
0.096332
0.096655
0.096010
0.096332
0.096977
0.096655
0.096010
0.095687
0.096655
0.096332
0.096655
0.096332
0.096332
0.097622
0.094720
0.096010
0.096332
0.096655
0.096332
0.098267
0.096655
0.095687
0.096655
0.097300
0.098912
0.095687
0.096655
0.096655
0.097300
0.093752
0.096010
0.096977
0.096332
0.098590
0.097622
0.096010
0.095687
0.096977
0.096332
0.096332
0.096655
0.097300
0.096332
0.097300
0.096332
0.097300
0.096977
0.096655
0.096655
0.098590
0.096332
0.096010
0.096332
0.096332
0.096332
0.096655
0.096977
0.096977
0.095042
0.096332
0.096332
0.096010
0.096010
0.097300
0.096332
0.096332
0.095687
0.096977
0.096010
0.096010
0.091818
0.096977
0.096332
0.095687
0.096977
0.096655
0.095687
0.096010
0.097622
0.096332
0.095687
0.095687
0.094075
0.096977
0.097945
0.095687
0.096332
0.096977
0.096655
0.096332
0.096655
0.096010
0.096332
0.096977
0.095687
0.096332
0.096655
0.096332
0.096655
0.095687
0.096332
0.096977
0.095687
0.095365
0.096010
0.096332
0.096655
0.096010
0.096655
0.095687
0.096977
0.096332
0.095687
0.096010
0.096332
0.099235
0.096655
0.095687
0.096332
0.096655
0.096655
0.095042
0.096977
0.097300
0.096655
0.096332
0.096010
0.100524
0.097622
0.095365
0.096332
0.099557
0.097622
0.096332
0.096332
0.096332
0.096332
0.096332
0.096655
0.096655
0.096977
0.096655
0.096332
0.096977
0.096655
0.096655
0.096977
0.095687
0.096977
0.096655
0.096332
0.096010
0.096977
0.097300
0.096010
0.095687
0.096010
0.095687
0.096655
0.095687
0.096977
0.096655
0.097300
0.096010
0.096655
0.096977
0.097300
0.096332
0.096332
0.096010
0.096655
0.096332
0.096010
0.095687
0.096010
0.097300
0.096010
0.095365
0.097300
0.095687
0.095365
0.096332
0.096332
0.094720
0.097300
0.095365
0.096332
0.096977
0.096977
0.096655
0.096655
0.095687
0.096655
0.097300
0.095687
0.091818
0.096977
0.096655
0.096332
0.096332
0.096010
0.097300
0.096332
0.096010
0.096332
0.096332
0.095042
0.095365
0.096332
0.096332
0.096332
0.095365
0.096010
0.096655
0.096332
0.096010
0.096655
0.096655
0.097300
0.097622
0.095687
0.096332
0.097622
0.097300
0.095687
0.095365
0.096332
0.098267
0.097945
0.094720
0.096977
0.097300
0.096977
0.096332
0.096332
0.096655
0.095687
0.096332
0.096655
0.096655
0.100847
0.097622
0.096010
0.096655
0.097622
0.096332
0.096010
0.096332
0.096332
0.096977
0.095687
0.095365
0.101169
0.097622
0.095687
0.096332
0.096010
0.097300
0.096332
0.096655
0.096332
0.096655
0.095687
0.094720
0.095365
0.095687
0.096010
0.096655
0.096010
0.095687
0.095687
0.096655
0.096332
0.095365
0.095687
0.096332
0.096332
0.094397
0.094720
0.096332
0.095365
0.096332
0.096332
0.096655
0.095687
0.096010
0.096655
0.096010
0.095365
0.095365
0.095687
0.096655
0.096977
0.095365
0.096332
0.096332
0.096010
0.095687
0.096655
0.096010
0.096977
0.097300
0.096010
0.095687
0.096655
0.096655
0.095365
0.095042
0.096977
0.096977
0.095365
0.096010
0.096977
0.096655
0.096332
0.095365
0.096332
0.096332
0.096655
0.095687
0.099235
0.096010
0.096010
0.096655
0.097622
0.094720
0.096655
0.098267
0.096977
0.095687
0.096977
0.096332
0.096332
0.096010
0.096332
0.096977
0.096332
0.095365
0.096655
0.096655
0.096332
0.096010
0.096655
0.096010
0.096655
0.096010
0.096655
0.095365
0.096332
0.096977
0.096332
0.096332
0.095687
0.096655
0.096655
0.095687
0.097945
0.096010
0.096332
0.096010
0.096655
0.095042
0.096655
0.096010
0.096010
0.096332
0.095365
0.096010
0.096332
0.094720
0.096655
0.095687
0.094720
0.096010
0.096977
0.094720
0.095365
0.096332
0.096010
0.096977
0.095687
0.095687
0.096977
0.096010
0.095687
0.095042
0.096010
0.095687
0.094075
0.096332
0.096010
0.096332
0.095687
0.096655
0.096010
0.095687
0.095042
0.097300
0.096332
0.095687
0.096332
0.096655
0.095687
0.096655
0.095687
0.096655
0.096010
0.096332
0.096332
0.096010
0.095365
0.097300
0.095365
0.095687
0.095687
0.096332
0.096010
0.096010
0.095687
0.097300
0.096332
0.096010
0.095687
0.096010
0.095687
0.095365
0.096332
0.096977
0.096332
0.096655
0.095687
0.096655
0.096332
0.092463
0.095365
0.096655
0.096010
0.095687
0.096332
0.096332
0.096332
0.096655
0.096010
0.096010
0.096332
0.094720
0.096010
0.095042
0.096332
0.097945
0.095687
0.095687
0.095365
0.096010
0.096010
0.095687
0.096977
0.095687
0.096332
0.095687
0.096010
0.095687
0.096010
0.096655
0.095365
0.096332
0.095687
0.095687
0.096010
0.095365
0.095365
0.096655
0.097945
0.096332
0.096010
0.096332
0.096977
0.095687
0.095365
0.095687
0.097300
0.096332
0.096332
0.096010
0.096010
0.096977
0.095687
0.095365
0.096655
0.096655
0.095687
0.095365
0.096977
0.096010
0.095687
0.096332
0.096010
0.096332
0.096977
0.096655
0.096010
0.094397
0.096655
0.096655
0.096010
0.096655
0.097300
0.096655
0.096977
0.096655
0.096332
0.096655
0.096010
0.094075
0.096332
0.096977
0.097300
0.095365
0.096332
0.096977
0.096332
0.094397
0.097300
0.096010
0.096655
0.096977
0.096010
0.096010
0.096655
0.096977
0.096332
0.096655
0.096655
0.096655
0.096977
0.095687
0.096332
0.096977
0.096332
0.096010
0.097622
0.096010
0.097300
0.096332
0.095365
0.095687
0.096332
0.094720
0.096332
0.096010
0.095687
0.096977
0.095687
0.096010
0.096655
0.095365
0.095042
0.095365
0.098590
0.096655
0.096655
0.095365
0.096332
0.096010
0.096655
0.095687
0.096977
0.095687
0.096010
0.096010
0.096332
0.096010
0.097945
0.096332
0.096655
0.096977
0.096332
0.096010
0.096332
0.095365
0.096010
0.098267
0.095365
0.096010
0.095687
0.096332
0.095687
0.096332
0.096010
0.095687
0.096977
0.096010
0.096332
0.096655
0.095687
0.096655
0.096332
0.096977
0.096977
0.096010
0.095687
0.096655
0.096655
0.096655
0.095687
0.096010
0.095687
0.097300
0.095687
0.095687
0.096332
0.096977
0.096655
0.096977
0.095687
0.096332
0.096977
0.096655
0.095687
0.095042
0.096010
0.096977
0.096332
0.095687
0.096010
0.097300
0.097622
0.096977
0.096332
0.096655
0.096332
0.096977
0.096010
0.096977
0.096977
0.095365
0.096332
0.096332
0.099879
0.095687
0.095687
0.096010
0.097300
0.096010
0.095042
0.095687
0.096332
0.096655
0.096332
0.094397
0.095687
0.096655
0.096332
0.096010
0.095687
0.096332
0.095687
0.095687
0.096010
0.096332
0.095365
0.096332
0.096332
0.096977
0.096332
0.096010
0.096010
0.097622
0.097300
0.096010
0.095687
0.095365
0.097300
0.096977
0.095042
0.095687
0.096655
0.096332
0.095365
0.096010
0.096655
0.096977
0.095687
0.096332
0.096332
0.096655
0.096655
0.096010
0.096655
0.096977
0.097300
0.095687
0.095687
0.096655
0.099879
0.096977
0.096010
0.096332
0.096977
0.096655
0.096010
0.096332
0.096010
0.096332
0.096655
0.096010
0.098912
0.096655
0.096332
0.096010
0.096977
0.096332
0.096332
0.096010
0.096332
0.096977
0.094720
0.092785
0.094720
0.096655
0.096332
0.096655
0.095687
0.095687
0.096977
0.096332
0.096332
0.096010
0.096010
0.096655
0.096332
0.096010
0.096332
0.096655
0.096655
0.096010
0.096332
0.096655
0.096655
0.095042
0.096332
0.096332
0.096977
0.096977
0.095687
0.096332
0.096977
0.096655
0.096010
0.096332
0.096655
0.095687
0.096655
0.096010
0.097300
0.097300
0.096332
0.095687
0.096655
0.097622
0.097945
0.096977
0.099557
0.095687
0.097300
0.097622
0.097622
0.097622
0.095687
0.097300
0.096977
0.096010
0.097622
0.096332
0.098267
0.096010
0.097945
0.097300
0.096010
0.096655
0.096977
0.096332
0.097622
0.096655
0.096655
0.097300
0.097300
0.096977
0.096977
0.096332
0.096655
0.097300
0.096977
0.097622
0.096977
0.096655
0.096977
0.097622
0.097945
0.097300
0.096332
0.096977
0.096655
0.097300
0.095687
0.096332
0.096655
0.097945
0.096332
0.097622
0.097622
0.098267
0.096332
0.096010
0.098912
0.097945
0.096977
0.096332
0.096332
0.096977
0.097622
0.096010
0.095687
0.096332
0.096977
0.096655
0.096332
0.096655
0.095042
0.096977
0.091495
0.096010
0.096332
0.096977
0.096332
0.096332
0.096655
0.096977
0.096655
0.096010
0.096010
0.096655
0.101492
0.096332
0.096977
0.096332
0.096977
0.097300
0.096332
0.096655
0.096655
0.097300
0.096010
0.096010
0.096010
0.096332
0.096332
0.097300
0.096010
0.096655
0.094720
0.096010
0.096332
0.095042
0.096010
0.096332
0.095365
0.096332
0.096977
0.095687
0.096332
0.096332
0.095687
0.096655
0.096332
0.096332
0.096655
0.097622
0.096010
0.096655
0.097300
0.096655
0.095687
0.096010
0.096010
0.096977
0.096655
0.095687
0.095687
0.096332
0.096977
0.096655
0.096332
0.096655
0.097300
0.095687
0.095365
0.096655
0.096655
0.096010
0.096010
0.096332
0.096655
0.096977
0.096010
0.095687
0.096332
0.096655
0.096977
0.097300
0.095365
0.095365
0.098590
0.096010
0.096977
0.096332
0.096332
0.095687
0.096655
0.095687
0.097300
0.096332
0.095687
0.095687
0.096332
0.096010
0.096332
0.095365
0.095687
0.097945
0.096655
0.095687
0.096332
0.095365
0.096332
0.096977
0.097300
0.096655
0.096977
0.095365
0.096977
0.096977
0.097300
0.096010
0.096655
0.096655
0.096655
0.096655
0.096977
0.096332
0.096332
0.096655
0.096010
0.096332
0.097622
0.097622
0.096332
0.096655
0.098590
0.096977
0.097622
0.097622
0.096655
0.096655
0.097300
0.096332
0.092785
0.096655
0.097945
0.096977
0.097300
0.096977
0.097300
0.097300
0.096332
0.096655
0.097300
0.097300
0.094397
0.096010
0.096977
0.097945
0.096655
0.096655
0.096977
0.096977
0.097300
0.097300
0.096977
0.096977
0.096655
0.096977
0.096977
0.096655
0.096977
0.096655
0.096010
0.096977
0.096977
0.096655
0.095042
0.096655
0.096010
0.096977
0.096655
0.096655
0.096010
0.096977
0.096655
0.094720
0.096977
0.096332
0.096655
0.095365
0.096332
0.096655
0.095687
0.095687
0.096010
0.096010
0.096332
0.096332
0.096010
0.096977
0.096977
0.096010
0.096655
0.097622
0.096010
0.096010
0.096977
0.096655
0.096977
0.097622
0.094075
0.095365
0.096977
0.096977
0.096977
0.096977
0.096010
0.096010
0.097300
0.096332
0.096332
0.097300
0.096655
0.096655
0.096655
0.096655
0.096332
0.097622
0.095687
0.096332
0.096977
0.096332
0.096332
0.097300
0.095365
0.096655
0.097300
0.096977
0.096655
0.096977
0.096655
0.096977
0.097300
0.096655
0.096655
0.096010
0.097945
0.096977
0.096977
0.096655
0.097300
0.096655
0.096332
0.097300
0.096977
0.096332
0.096010
0.097622
0.096655
0.096977
0.096977
0.096655
0.097300
0.096010
0.096655
0.096332
0.096332
0.097945
0.096332
0.096010
0.096655
0.096332
0.096332
0.096332
0.098267
0.096977
0.095687
0.096655
0.096655
0.100524
0.097945
0.096655
0.094720
0.096655
0.096977
0.096010
0.096655
0.096332
0.096655
0.096010
0.096332
0.096655
0.096977
0.095687
0.096332
0.096010
0.096977
0.096332
0.096332
0.095687
0.096655
0.096655
0.096655
0.096655
0.096332
0.096655
0.096655
0.096977
0.097300
0.096655
0.095687
0.096332
0.096655
0.096332
0.097300
0.096332
0.096977
0.096010
0.097300
0.096010
0.095687
0.096655
0.096655
0.096010
0.096977
0.097622
0.096977
0.096977
0.096655
0.096655
0.097622
0.098912
0.096977
0.096655
0.096332
0.098912
0.097622
0.096655
0.096655
0.096332
0.097300
0.096010
0.097300
0.095687
0.097300
0.096655
0.096332
0.101169
0.098267
0.096010
0.096655
0.096332
0.097300
0.097622
0.096655
0.096010
0.097300
0.097300
0.096010
0.096655
0.097300
0.096332
0.095687
0.096332
0.096655
0.096655
0.096655
0.096332
0.096010
0.096655
0.097945
0.097300
0.096010
0.096332
0.095687
0.096977
0.096655
0.096655
0.096977
0.095687
0.094397
0.097300
0.096655
0.096010
0.095365
0.096010
0.096332
0.096655
0.096977
0.095687
0.095687
0.096655
0.096977
0.096332
0.096010
0.096332
0.096332
0.096332
0.096655
0.096655
0.096655
0.096977
0.095687
0.100524
0.097300
0.096655
0.095687
0.096332
0.096977
0.097622
0.096655
0.096977
0.095365
0.096655
0.095687
0.098590
0.096332
0.097622
0.095365
0.096332
0.096332
0.096977
0.097300
0.097622
0.095365
0.096332
0.097622
0.098267
0.096332
0.096977
0.096655
0.096655
0.096655
0.096977
0.097300
0.097622
0.096010
0.096332
0.096655
0.096332
0.096332
0.096010
0.096655
0.096977
0.096332
0.096010
0.096655
0.096655
0.096977
0.096010
0.096010
0.097300
0.096655
0.096010
0.096010
0.096977
0.096010
0.096332
0.095687
0.096332
0.096010
0.096655
0.095687
0.096010
0.096010
0.096655
0.096655
0.096655
0.095687
0.096655
0.096977
0.094075
0.095687
0.096332
0.096655
0.095365
0.095687
0.098267
0.095687
0.095042
0.095365
0.096332
0.096332
0.093108
0.096655
0.096010
0.096010
0.096332
0.096010
0.096332
0.097300
0.095687
0.096010
0.096655
0.095365
0.096010
0.098267
0.096010
0.096655
0.096655
0.097300
0.096655
0.096332
0.095687
0.096977
0.096332
0.096332
0.096332
0.096977
0.096655
0.096977
0.096655
0.096977
0.096977
0.096332
0.096332
0.097300
0.097300
0.097300
0.097945
0.098267
0.097300
0.097945
0.096655
0.097622
0.097945
0.097300
0.095687
0.096655
0.096655
0.097945
0.096655
0.095687
0.097300
0.097622
0.097622
0.097300
0.096010
0.097300
0.092463
0.096977
0.096332
0.097300
0.097945
0.097300
0.095687
0.097300
0.097945
0.096977
0.096977
0.096655
0.095042
0.097300
0.096655
0.096655
0.096655
0.097300
0.096655
0.096332
0.095365
0.095687
0.096977
0.097300
0.096010
0.096010
0.096332
0.096655
0.096655
0.096655
0.096332
0.097622
0.096655
0.096332
0.096010
0.096010
0.097300
0.097945
0.096655
0.095687
0.096010
0.095687
0.095687
0.096010
0.096977
0.095042
0.096332
0.096655
0.096655
0.095687
0.095687
0.096655
0.096332
0.095365
0.096655
0.096010
0.096655
0.096655
0.096655
0.095687
0.096977
0.096655
0.096332
0.096977
0.096010
0.095687
0.096655
0.096977
0.094720
0.095687
0.097300
0.096655
0.096655
0.096977
0.096977
0.097300
0.096655
0.096010
0.097300
0.097622
0.091818
0.096655
0.098590
0.097622
0.096010
0.096332
0.098267
0.097622
0.096655
0.096332
0.097300
0.096655
0.097300
0.096977
0.096655
0.096332
0.097300
0.096655
0.096977
0.096010
0.096655
0.096977
0.096655
0.096332
0.096655
0.097300
0.097300
0.096010
0.096010
0.096655
0.097300
0.096010
0.096010
0.096977
0.097622
0.095687
0.095687
0.096332
0.096977
0.096332
0.096332
0.096332
0.096977
0.094720
0.095365
0.096655
0.096010
0.095687
0.096332
0.096332
0.096010
0.096332
0.095687
0.095365
0.096010
0.096655
0.093108
0.095365
0.095687
0.095687
0.096977
0.095365
0.095687
0.097300
0.097622
0.096010
0.096655
0.096332
0.098267
0.097622
0.094720
0.096010
0.097300
0.096977
0.095687
0.096977
0.096977
0.097300
0.096332
0.095687
0.096655
0.097622
0.096010
0.096977
0.097300
0.096010
0.096010
0.095687
0.096332
0.096977
0.096332
0.097300
0.096655
0.097300
0.096655
0.097622
0.096010
0.096332
0.096010
