3907.080	0.232
3917.080	0.244
3927.080	0.252
3937.080	0.268
3957.080	0.297
3967.080	0.321
3977.080	0.359
3987.080	0.389
3997.080	0.410
4007.080	0.415
4017.080	0.416
4027.080	0.416
4037.080	0.408
4047.080	0.394
4057.080	0.645
4067.080	1.726
4077.080	2.478
4087.080	7.646
4097.080	11.150
4107.080	17.614
4117.080	23.489
4127.080	21.677
4137.080	21.042
4147.080	20.296
4157.080	18.606
4167.080	16.696
4177.080	13.168
4187.080	9.142
4197.080	5.333
4207.080	2.072
4217.080	1.836
4237.080	1.930
4247.080	2.040
4257.080	2.208
4267.080	2.176
4287.080	2.143
4297.080	2.059
4307.080	1.958
4317.080	1.819
4327.080	1.719
4337.080	1.659
4347.080	1.593
4357.080	1.563
4367.080	2.334
4377.080	9.853
4387.080	17.623
4397.080	22.811
4407.080	31.287
4417.080	34.503
4427.080	37.713
4437.080	40.184
4447.080	41.499
4457.080	40.210
4467.080	38.978
4477.080	37.289
4487.080	35.367
4497.080	32.188
4507.080	28.090
4517.080	7.475
4527.080	0.532
4537.080	0.536
4547.080	0.540
4557.080	0.545
4567.080	0.550
4577.080	0.558
4587.080	0.580
4597.080	0.585
4607.080	0.584
4617.080	0.565
4627.080	0.529
4637.080	0.494
4647.080	0.467
4657.080	0.438
4667.080	0.428
4677.080	0.427
4687.080	0.449
4697.080	0.465
4707.080	0.470
4717.080	0.445
4727.080	0.420
4737.080	0.350
4747.080	0.313
4757.080	0.289
4767.080	0.274
4777.080	0.262
4787.080	0.242
4807.080	0.240
4817.080	0.230
4827.080	0.219
4847.080	0.202
4857.080	0.197
4867.080	0.193
4877.080	0.191
4887.080	0.187
4897.080	0.187
4907.080	0.186
4917.080	0.183
4927.080	0.189
4937.080	0.219
4947.080	0.312
4957.080	0.390
4967.080	0.467
4977.080	0.571
4987.080	0.672
4997.080	0.842
5007.080	0.851
5017.080	0.824
5027.080	0.782
5037.080	0.742
5047.080	0.561
5057.080	0.459
5067.080	0.363
5077.080	0.186
5087.080	0.184
5097.080	0.187
5107.080	0.188
5117.080	0.191
5127.080	0.194
5137.080	0.194
5147.080	0.195
5157.080	0.198
5167.080	0.197
5177.080	0.199
5187.080	0.198
5197.080	0.197
5207.080	0.200
5217.080	0.209
5227.080	0.216
5237.080	0.226
5247.080	0.240
5257.080	0.250
5267.080	0.259
5277.080	0.306
5287.080	0.319
5297.080	0.331
5307.080	0.326
5317.080	0.320
5327.080	0.299
5337.080	0.295
5347.080	0.275
5357.080	0.246
5367.080	0.247
5377.080	0.245
5387.080	0.254
5397.080	0.259
5427.080	0.272
5437.080	0.255
5447.080	0.309
5467.080	0.699
5477.080	2.319
5487.080	8.895
5497.080	14.606
5507.080	20.071
5517.080	27.609
5527.080	29.973
5537.080	32.075
5547.080	34.105
5557.080	34.452
5567.080	33.516
5577.080	32.673
5587.080	31.142
5597.080	28.869
5607.080	17.901
5617.080	9.698
5627.080	0.378
5637.080	0.359
5647.080	0.350
5657.080	0.340
5667.080	0.330
5677.080	0.332
5687.080	0.331
5697.080	0.326
5707.080	0.315
5717.080	0.302
5727.080	0.289
5737.080	0.285
5747.080	0.275
5757.080	0.251
5767.080	0.279
5777.080	0.442
5787.080	0.847
5797.080	1.460
5807.080	3.174
5817.080	4.678
5827.080	6.570
5837.080	8.815
5847.080	11.090
5857.080	12.764
5867.080	13.650
5877.080	14.643
5887.080	13.635
5897.080	12.606
5907.080	10.719
5917.080	8.743
5927.080	6.766
5937.080	4.493
5947.080	1.380
5957.080	0.461
5967.080	0.233
5977.080	0.240
5987.080	0.231
6007.080	0.225
6017.080	0.219
6027.080	0.206
6037.080	0.205
6047.080	0.207
6057.080	0.208
6067.080	0.208
6077.080	0.207
