3900.261	0.785
3900.761	0.773
3901.261	0.768
3901.761	0.766
3902.261	0.775
3902.761	0.765
3903.261	0.760
3903.761	0.756
3904.261	0.763
3904.761	0.768
3905.261	0.760
3905.761	0.767
3906.261	0.759
3906.761	0.755
3907.261	0.752
3907.761	0.755
3908.261	0.761
3908.761	0.752
3909.261	0.754
3909.761	0.748
3910.261	0.757
3910.761	0.747
3911.261	0.743
3911.761	0.739
3912.261	0.744
3912.761	0.736
3913.261	0.741
3913.761	0.735
3914.261	0.740
3914.761	0.737
3915.261	0.739
3915.761	0.727
3916.261	0.729
3916.761	0.729
3917.261	0.734
3917.761	0.730
3918.261	0.728
3918.761	0.727
3919.261	0.736
3919.761	0.733
3920.261	0.728
3920.761	0.731
3921.261	0.724
3921.761	0.727
3922.261	0.723
3922.761	0.721
3923.261	0.720
3923.761	0.716
3924.261	0.715
3924.761	0.721
3925.261	0.710
3925.761	0.712
3926.261	0.719
3926.761	0.717
3927.261	0.711
3927.761	0.710
3928.261	0.720
3928.761	0.715
3929.261	0.718
3929.761	0.709
3930.261	0.717
3930.761	0.715
3931.261	0.717
3931.761	0.710
3932.261	0.717
3932.761	0.717
3933.261	0.713
3933.761	0.712
3934.261	0.713
3934.761	0.720
3935.261	0.711
3935.761	0.718
3936.261	0.725
3936.761	0.725
3937.261	0.720
3937.761	0.729
3938.261	0.734
3938.761	0.735
3939.261	0.739
3939.761	0.752
3940.261	0.744
3940.761	0.745
3941.261	0.747
3941.761	0.754
3942.261	0.756
3942.761	0.761
3943.261	0.771
3943.761	0.768
3944.261	0.778
3944.761	0.780
3945.261	0.776
3945.761	0.783
3946.261	0.781
3946.761	0.789
3947.261	0.806
3947.761	0.814
3948.261	0.820
3948.761	0.806
3949.261	0.813
3949.761	0.819
3950.261	0.820
3950.761	0.832
3951.261	0.831
3951.761	0.848
3952.261	0.857
3952.761	0.852
3953.261	0.862
3953.761	0.862
3954.261	0.859
3954.761	0.869
3955.261	0.882
3955.761	0.885
3956.261	0.875
3956.761	0.893
3957.261	0.889
3957.761	0.902
3958.261	0.896
3958.761	0.908
3959.261	0.911
3959.761	0.927
3960.261	0.944
3960.761	0.940
3961.261	0.922
3961.761	0.938
3962.261	0.942
3962.761	0.947
3963.261	0.959
3963.761	0.966
3964.261	0.966
3964.761	0.972
3965.261	0.980
3965.761	0.977
3966.261	0.978
3966.761	0.982
3967.261	0.989
3967.761	1.003
3968.261	1.012
3968.761	1.001
3969.261	1.000
3969.761	1.019
3970.261	1.028
3970.761	1.029
3971.261	1.034
3971.761	1.034
3972.261	1.034
3972.761	1.038
3973.261	1.037
3973.761	1.050
3974.261	1.053
3974.761	1.041
3975.261	1.058
3975.761	1.050
3976.261	1.076
3976.761	1.060
3977.261	1.067
3977.761	1.079
3978.261	1.073
3978.761	1.067
3979.261	1.066
3979.761	1.094
3980.261	1.077
3980.761	1.095
3981.261	1.088
3981.761	1.086
3982.261	1.094
3982.761	1.102
3983.261	1.093
3983.761	1.091
3984.261	1.108
3984.761	1.090
3985.261	1.101
3985.761	1.111
3986.261	1.103
3986.761	1.103
3987.261	1.113
3987.761	1.111
3988.261	1.129
3988.761	1.117
3989.261	1.118
3989.761	1.129
3990.261	1.109
3990.761	1.126
3991.261	1.130
3991.761	1.130
3992.261	1.129
3992.761	1.126
3993.261	1.141
3993.761	1.120
3994.261	1.131
3994.761	1.137
3995.261	1.133
3995.761	1.129
3996.261	1.126
3996.761	1.138
3997.261	1.127
3997.761	1.145
3998.261	1.138
3998.761	1.143
3999.261	1.146
3999.761	1.126
4000.261	1.121
4000.761	1.122
4001.261	1.142
4001.761	1.151
4002.261	1.143
4002.761	1.135
4003.261	1.144
4003.761	1.147
4004.261	1.165
4004.761	1.143
4005.261	1.151
4005.761	1.162
4006.261	1.150
4006.761	1.142
4007.261	1.163
4007.761	1.146
4008.261	1.173
4008.761	1.162
4009.261	1.146
4009.761	1.143
4010.261	1.142
4010.761	1.150
4011.261	1.147
4011.761	1.144
4012.261	1.149
4012.761	1.145
4013.261	1.139
4013.761	1.148
4014.261	1.141
4014.761	1.118
4015.261	1.143
4015.761	1.115
4016.261	1.132
4016.761	1.113
4017.261	1.111
4017.761	1.124
4018.261	1.125
4018.761	1.118
4019.261	1.131
4019.761	1.139
4020.261	1.113
4020.761	1.119
4021.261	1.119
4021.761	1.111
4022.261	1.100
4022.761	1.100
4023.261	1.096
4023.761	1.107
4024.261	1.088
4024.761	1.096
4025.261	1.088
4025.761	1.088
4026.261	1.084
4026.761	1.077
4027.261	1.085
4027.761	1.080
4028.261	1.084
4028.761	1.068
4029.261	1.062
4029.761	1.063
4030.261	1.063
4030.761	1.080
4031.261	1.055
4031.761	1.066
4032.261	1.047
4032.761	1.060
4033.261	1.052
4033.761	1.049
4034.261	1.060
4034.761	1.042
4035.261	1.035
4035.761	1.038
4036.261	1.029
4036.761	1.046
4037.261	1.033
4037.761	1.028
4038.261	1.025
4038.761	1.018
4039.261	1.024
4039.761	1.020
4040.261	1.016
4040.761	1.016
4041.261	1.016
4041.761	1.008
4042.261	1.023
4042.761	1.005
4043.261	1.008
4043.761	1.002
4044.261	1.004
4044.761	1.004
4045.261	1.001
4045.761	1.005
4046.261	0.998
4046.761	0.995
4047.261	0.988
4047.761	0.995
4048.261	0.994
4048.761	0.992
4049.261	0.992
4049.761	0.983
4050.261	0.998
4050.761	0.991
4051.261	0.987
4051.761	0.982
4052.261	0.992
4052.761	0.983
4053.261	0.988
4053.761	0.981
4054.261	0.985
4054.761	0.969
4055.261	0.970
4055.761	0.979
4056.261	0.971
4056.761	0.974
4057.261	0.977
4057.761	0.968
4058.261	0.971
4058.761	0.972
4059.261	0.968
4059.761	0.959
4060.261	0.966
4060.761	0.973
4061.261	0.968
4061.761	0.966
4062.261	0.967
4062.761	0.965
4063.261	0.961
4063.761	0.963
4064.261	0.963
4064.761	0.963
4065.261	0.972
4065.761	0.965
4066.261	0.951
4066.761	0.962
4067.261	0.958
4067.761	0.970
4068.261	0.965
4068.761	0.957
4069.261	0.957
4069.761	0.964
4070.261	0.959
4070.761	0.960
4071.261	0.971
4071.761	0.952
4072.261	0.964
4072.761	0.958
4073.261	0.952
4073.761	0.960
4074.261	0.975
4074.761	0.962
4075.261	0.986
4075.761	0.999
4076.261	1.016
4076.761	1.124
4077.261	1.364
4077.761	1.743
4078.261	2.426
4078.761	2.846
4079.261	3.813
4079.761	4.253
4080.261	4.691
4080.761	5.409
4081.261	5.980
4081.761	6.975
4082.261	7.545
4082.761	8.204
4083.261	8.925
4083.761	9.069
4084.261	10.324
4084.761	10.709
4085.261	11.501
4085.761	11.895
4086.261	12.793
4086.761	13.434
4087.261	14.570
4087.761	14.934
4088.261	15.342
4088.761	15.709
4089.261	16.799
4089.761	17.329
4090.261	17.703
4090.761	18.212
4091.261	18.325
4091.761	19.078
4092.261	20.266
4092.761	20.073
4093.261	20.467
4093.761	20.412
4094.261	24.585
4094.761	26.125
4095.761	27.146
4096.761	22.658
4097.761	23.195
4098.261	28.372
4098.761	28.663
4099.261	28.653
4099.761	29.215
4100.261	28.977
4100.761	29.366
4101.261	29.523
4101.761	30.262
4102.261	30.644
4102.761	30.823
4103.261	30.760
4103.761	31.352
4104.261	31.680
4104.761	31.399
4105.261	32.692
4105.761	32.294
4106.261	32.509
4106.761	33.062
4107.261	32.532
4107.761	32.736
4108.261	33.628
4108.761	33.380
4109.261	33.904
4109.761	33.724
4110.261	34.032
4110.761	34.661
4111.261	34.463
4111.761	34.525
4112.261	35.319
4112.761	35.446
4113.261	35.830
4113.761	35.200
4114.261	35.423
4114.761	35.872
4115.261	35.927
4115.761	35.874
4116.261	36.026
4116.761	35.743
4117.261	36.202
4117.761	36.446
4118.261	36.946
4118.761	36.382
4119.261	37.119
4119.761	36.658
4120.261	37.272
4120.761	36.998
4121.261	36.678
4121.761	36.989
4122.261	36.927
4122.761	37.648
4123.261	38.017
4123.761	37.392
4124.261	37.085
4124.761	37.440
4125.261	37.365
4125.761	36.544
4126.261	37.294
4126.761	37.243
4127.261	36.595
4127.761	37.609
4128.261	37.273
4128.761	37.377
4129.261	36.980
4129.761	36.871
4130.261	37.198
4130.761	37.155
4131.261	37.559
4131.761	37.255
4132.261	37.731
4132.761	37.606
4133.261	38.089
4133.761	37.703
4134.261	37.712
4134.761	38.212
4135.261	37.328
4135.761	38.168
4136.261	37.668
4136.761	37.312
4137.261	37.783
4137.761	37.552
4138.261	37.674
4138.761	37.943
4139.261	38.315
4139.761	37.666
4140.261	37.980
4140.761	38.335
4141.261	37.785
4141.761	37.869
4142.261	37.731
4142.761	37.518
4143.261	37.708
4143.761	37.886
4144.261	38.182
4144.761	38.257
4145.261	37.823
4145.761	38.108
4146.261	38.142
4146.761	38.049
4147.261	38.248
4147.761	38.202
4148.261	38.249
4148.761	38.320
4149.261	37.794
4149.761	37.699
4150.261	37.588
4150.761	37.233
4151.261	37.517
4151.761	36.957
4152.261	36.715
4152.761	36.620
4153.261	37.192
4153.761	36.679
4154.261	36.632
4154.761	36.747
4155.261	35.780
4155.761	35.384
4156.261	35.587
4156.761	35.857
4157.261	35.849
4157.761	35.094
4158.261	34.730
4158.761	35.037
4159.261	34.756
4159.761	34.606
4160.261	33.694
4160.761	33.544
4161.261	34.127
4161.761	32.908
4162.261	33.339
4162.761	32.750
4163.261	32.754
4163.761	32.603
4164.261	32.670
4164.761	31.554
4165.261	31.943
4165.761	31.661
4166.261	32.160
4166.761	31.269
4167.261	31.277
4167.761	30.279
4168.261	30.570
4168.761	29.733
4169.261	29.626
4169.761	29.628
4170.261	29.245
4170.761	28.314
4171.261	28.156
4171.761	28.247
4172.261	27.850
4172.761	27.430
4173.261	26.574
4173.761	22.287
4174.761	22.409
4175.261	24.494
4175.761	23.462
4176.761	21.820
4177.761	19.167
4178.761	18.551
4179.261	18.396
4179.761	18.034
4180.261	17.502
4180.761	17.009
4181.261	16.279
4181.761	16.224
4182.261	15.172
4182.761	14.356
4183.261	13.794
4183.761	13.562
4184.261	13.174
4184.761	12.019
4185.261	11.439
4185.761	11.163
4186.261	10.745
4186.761	9.874
4187.261	8.954
4187.761	8.418
4188.261	7.955
4188.761	7.584
4189.261	7.258
4189.761	6.720
4190.261	5.950
4190.761	5.825
4191.261	5.534
4191.761	5.422
4192.261	5.477
4192.761	5.317
4193.261	5.140
4193.761	5.135
4194.261	5.164
4194.761	5.184
4195.261	5.080
4195.761	4.944
4196.261	4.954
4196.761	4.883
4197.261	4.880
4197.761	4.796
4198.261	4.672
4198.761	4.738
4199.261	4.563
4199.761	4.669
4200.261	4.509
4200.761	4.487
4201.261	4.508
4201.761	4.311
4202.261	4.326
4202.761	4.226
4203.261	4.202
4203.761	4.167
4204.261	4.158
4204.761	4.141
4205.261	4.107
4205.761	4.019
4206.261	3.948
4206.761	3.885
4207.261	3.826
4207.761	3.881
4208.261	3.835
4208.761	3.714
4209.261	3.697
4209.761	3.641
4210.261	3.598
4210.761	3.543
4211.261	3.472
4211.761	3.449
4212.261	3.378
4212.761	3.359
4213.261	3.272
4213.761	3.316
4214.261	3.294
4214.761	3.188
4215.261	3.152
4215.761	3.146
4216.261	3.126
4216.761	3.054
4217.261	3.037
4217.761	2.961
4218.261	2.933
4218.761	2.922
4219.261	2.868
4219.761	2.851
4220.261	2.788
4220.761	2.767
4221.261	2.739
4221.761	2.732
4222.261	2.715
4222.761	2.495
4223.261	2.499
4223.761	2.711
4224.261	2.782
4224.761	2.834
4225.261	2.836
4225.761	2.829
4226.261	2.874
4226.761	2.902
4227.261	2.915
4227.761	2.958
4228.261	2.963
4228.761	2.989
4229.261	3.042
4229.761	3.089
4230.261	3.075
4230.761	3.120
4231.261	3.181
4231.761	3.218
4232.261	3.216
4232.761	3.270
4233.261	3.270
4233.761	3.311
4234.261	3.380
4234.761	3.397
4235.261	3.454
4235.761	3.482
4236.261	3.538
4236.761	3.558
4237.261	3.611
4237.761	3.660
4238.261	3.652
4238.761	3.662
4239.261	3.677
4239.761	3.760
4240.261	3.804
4240.761	3.810
4241.261	3.852
4241.761	3.908
4242.261	3.966
4242.761	3.983
4243.261	3.984
4243.761	3.985
4244.261	4.042
4244.761	4.091
4245.261	4.103
4245.761	4.173
4246.261	4.198
4246.761	4.223
4247.261	4.286
4247.761	4.323
4248.261	4.321
4248.761	4.330
4249.261	4.398
4249.761	4.411
4250.261	4.494
4250.761	4.500
4251.261	4.507
4251.761	4.554
4252.261	4.590
4252.761	4.546
4253.261	4.668
4253.761	4.678
4254.261	4.761
4254.761	4.719
4255.261	4.742
4255.761	4.814
4256.261	4.870
4256.761	4.869
4257.261	4.911
4257.761	4.946
4258.261	4.992
4258.761	5.004
4259.261	5.072
4259.761	5.106
4260.261	5.085
4260.761	5.078
4261.261	5.152
4261.761	5.180
4262.261	5.206
4262.761	5.246
4263.261	5.252
4263.761	5.220
4264.261	5.251
4264.761	5.271
4265.261	5.274
4265.761	5.252
4266.261	5.279
4266.761	5.328
4267.261	5.299
4267.761	5.294
4268.261	5.295
4268.761	5.305
4269.261	5.331
4269.761	5.328
4270.261	5.292
4270.761	5.309
4271.261	5.318
4271.761	5.317
4272.261	5.269
4272.761	5.265
4273.261	5.286
4273.761	5.233
4274.261	5.201
4274.761	5.242
4275.261	5.173
4275.761	5.160
4276.261	5.134
4276.761	5.108
4277.261	5.091
4277.761	5.079
4278.261	5.052
4278.761	5.032
4279.261	5.027
4279.761	4.949
4280.261	4.909
4280.761	4.949
4281.261	4.926
4281.761	4.886
4282.261	4.893
4282.761	4.827
4283.261	4.792
4283.761	4.811
4284.261	4.761
4284.761	4.771
4285.261	4.707
4285.761	4.707
4286.261	4.680
4286.761	4.731
4287.261	4.646
4287.761	4.646
4288.261	4.624
4288.761	4.545
4289.261	4.625
4289.761	4.506
4290.261	4.489
4290.761	4.522
4291.261	4.523
4291.761	4.506
4292.261	4.422
4292.761	4.471
4293.261	4.383
4293.761	4.365
4294.261	4.397
4294.761	4.389
4295.261	4.347
4295.761	4.372
4296.261	4.313
4296.761	4.289
4297.261	4.284
4297.761	4.226
4298.261	4.239
4298.761	4.196
4299.261	4.190
4299.761	4.142
4300.261	4.164
4300.761	4.189
4301.261	4.166
4301.761	4.165
4302.261	4.089
4302.761	4.085
4303.261	4.033
4303.761	4.042
4304.261	3.986
4304.761	4.012
4305.261	3.980
4305.761	3.967
4306.261	3.964
4306.761	3.952
4307.261	3.840
4307.761	3.855
4308.261	3.886
4308.761	3.853
4309.261	3.829
4309.761	3.826
4310.261	3.775
4310.761	3.760
4311.261	3.750
4311.761	3.710
4312.261	3.686
4312.761	3.714
4313.261	3.703
4313.761	3.690
4314.261	3.650
4314.761	3.667
4315.261	3.619
4315.761	3.607
4316.261	3.613
4316.761	3.575
4317.261	3.552
4317.761	3.508
4318.261	3.516
4318.761	3.495
4319.261	3.488
4319.761	3.483
4320.261	3.439
4320.761	3.437
4321.261	3.408
4321.761	3.389
4322.261	3.394
4322.761	3.369
4323.261	3.389
4323.761	3.347
4324.261	3.361
4324.761	3.344
4325.261	3.304
4325.761	3.244
4326.261	3.263
4326.761	3.242
4327.261	3.245
4327.761	3.229
4328.261	3.230
4328.761	3.220
4329.261	3.199
4329.761	3.190
4330.261	3.197
4330.761	3.148
4331.261	3.137
4331.761	3.129
4332.261	3.136
4332.761	3.134
4333.261	3.068
4333.761	3.087
4334.261	3.098
4334.761	3.090
4335.261	3.064
4335.761	3.044
4336.261	3.054
4336.761	3.025
4337.261	3.011
4337.761	3.005
4338.261	3.015
4338.761	3.010
4339.261	3.006
4339.761	3.002
4340.261	2.992
4340.761	2.991
4341.261	2.974
4341.761	2.994
4342.261	2.974
4342.761	2.967
4343.261	2.913
4343.761	2.980
4344.261	2.946
4344.761	2.921
4345.261	2.884
4345.761	2.943
4346.261	2.921
4346.761	2.942
4347.261	2.927
4347.761	2.920
4348.261	2.947
4348.761	2.943
4349.261	2.976
4349.761	2.992
4350.261	2.991
4350.761	2.997
4351.261	2.990
4351.761	2.993
4352.261	3.029
4352.761	3.035
4353.261	3.034
4353.761	3.029
4354.261	3.029
4354.761	3.039
4355.261	3.092
4355.761	3.056
4356.261	3.110
4356.761	3.113
4357.261	3.114
4357.761	3.074
4358.261	3.139
4358.761	3.102
4359.261	3.142
4359.761	3.177
4360.261	3.178
4360.761	3.171
4361.261	3.184
4361.761	3.150
4362.261	3.195
4362.761	3.174
4363.261	3.203
4363.761	3.242
4364.261	3.192
4364.761	3.219
4365.261	3.200
4365.761	3.203
4366.261	3.221
4366.761	3.232
4367.261	3.192
4367.761	3.224
4368.261	3.272
4368.761	3.294
4369.261	3.284
4369.761	3.270
4370.261	3.308
4370.761	3.309
4371.261	3.324
4371.761	3.327
4372.261	3.332
4372.761	3.394
4373.261	3.319
4373.761	3.403
4374.261	3.452
4374.761	3.458
4375.261	3.456
4375.761	3.474
4376.261	3.434
4376.761	3.504
4377.261	3.478
4377.761	3.470
4378.261	3.454
4378.761	3.495
4379.261	3.537
4379.761	3.600
4380.261	3.634
4380.761	3.657
4381.261	3.693
4381.761	3.763
4382.261	3.852
4382.761	3.828
4383.261	3.898
4383.761	3.979
4384.261	4.014
4384.761	4.077
4385.261	4.092
4385.761	4.122
4386.261	4.157
4386.761	4.300
4387.262	4.286
4387.761	4.379
4388.261	4.486
4388.761	4.602
4389.261	4.976
4389.761	5.989
4390.261	9.408
4390.761	11.335
4391.261	12.814
4391.761	15.320
4392.261	16.791
4392.761	19.898
4393.261	21.575
4393.761	27.729
4394.261	27.841
4394.761	28.951
4395.261	30.671
4395.761	31.289
4396.261	31.743
4396.761	33.215
4397.261	33.685
4397.761	34.467
4398.261	35.141
4398.761	36.310
4399.261	36.384
4399.761	37.540
4400.261	38.291
4400.761	38.557
4401.261	39.232
4401.761	39.294
4402.261	40.818
4402.761	40.722
4403.261	41.698
4403.761	42.081
4404.261	42.417
4404.761	43.346
4405.261	43.557
4405.761	44.405
4406.261	44.303
4406.761	44.750
4407.261	45.185
4407.761	45.527
4408.261	45.630
4408.761	47.483
4409.261	47.236
4409.761	48.112
4410.261	48.101
4410.761	49.051
4411.261	49.204
4411.761	49.558
4412.261	49.746
4412.761	50.359
4413.261	50.617
4413.761	51.525
4414.261	50.994
4414.761	51.849
4415.261	51.402
4415.761	52.258
4416.261	52.786
4416.761	53.354
4417.261	53.499
4417.761	53.415
4418.261	53.538
4418.761	54.069
4419.261	54.230
4419.761	54.630
4420.261	54.588
4420.761	54.661
4421.261	54.963
4421.761	55.254
4422.261	55.571
4422.761	55.610
4423.261	55.623
4423.761	55.808
4424.261	55.908
4424.761	55.790
4425.261	56.628
4425.761	55.661
4426.261	56.369
4426.761	56.366
4427.261	56.531
4427.761	56.534
4428.261	56.734
4428.761	56.882
4429.261	56.858
4429.761	57.155
4430.261	57.580
4430.761	57.064
4431.261	57.309
4431.761	57.463
4432.261	57.416
4432.761	57.631
4433.261	57.456
4433.761	56.750
4434.261	57.083
4434.761	57.732
4435.261	58.121
4435.761	57.154
4436.261	57.312
4436.761	57.441
4437.261	57.739
4437.761	57.156
4438.261	57.428
4438.761	57.735
4439.261	58.014
4439.761	57.210
4440.261	57.212
4440.761	57.705
4441.261	57.528
4441.761	57.518
4442.261	57.330
4442.761	57.397
4443.261	57.411
4443.761	57.780
4444.261	57.685
4444.761	57.709
4445.261	57.086
4445.761	57.553
4446.261	57.513
4446.761	57.423
4447.261	57.499
4447.761	57.374
4448.261	57.222
4448.761	57.316
4449.261	57.561
4449.761	57.402
4450.261	57.278
4450.761	57.407
4451.261	57.300
4451.761	57.352
4452.261	57.533
4452.761	57.116
4453.261	57.241
4453.761	57.261
4454.261	57.557
4454.761	57.392
4455.261	56.835
4455.761	57.255
4456.261	57.367
4456.761	57.736
4457.261	57.448
4457.761	57.544
4458.261	57.146
4458.761	57.458
4459.261	57.575
4459.761	57.435
4460.261	57.468
4460.761	57.348
4461.261	57.335
4461.761	57.020
4462.261	57.116
4462.761	57.053
4463.261	57.607
4463.761	57.013
4464.261	56.718
4464.761	56.322
4465.261	55.814
4465.761	56.260
4466.261	55.708
4466.761	55.716
4467.261	55.084
4467.761	55.047
4468.261	54.540
4468.761	55.049
4469.261	54.457
4469.761	54.671
4470.261	54.413
4470.761	54.114
4471.261	53.489
4471.761	53.790
4472.261	52.764
4472.761	53.103
4473.261	52.461
4473.761	51.986
4474.261	51.829
4474.761	51.770
4475.261	50.893
4475.761	50.644
4476.261	50.869
4476.761	49.890
4477.261	50.194
4477.761	49.024
4478.261	48.948
4478.761	48.189
4479.261	47.752
4479.761	46.985
4480.261	46.436
4480.761	46.019
4481.261	45.959
4481.761	45.573
4482.261	44.928
4482.761	45.217
4483.261	43.750
4483.761	44.055
4484.261	43.256
4484.761	42.869
4485.261	42.242
4485.761	41.373
4486.261	41.750
4486.761	41.112
4487.261	40.546
4487.761	39.660
4488.261	38.945
4488.761	38.799
4489.261	38.134
4489.761	37.870
4490.261	37.283
4490.761	36.742
4491.261	35.385
4491.761	34.926
4492.261	34.698
4492.761	34.339
4493.261	33.783
4493.761	32.612
4494.261	32.030
4494.761	30.537
4495.261	30.017
4495.761	29.055
4496.261	28.360
4496.761	22.390
4497.261	24.023
4497.761	19.336
4498.761	15.487
4499.761	13.455
4500.261	12.239
4500.761	10.347
4501.261	8.599
4501.761	7.066
4502.261	4.099
4502.761	3.010
4503.261	1.868
4503.761	1.685
4504.261	1.618
4504.761	1.561
4505.261	1.557
4505.761	1.544
4506.261	1.505
4506.761	1.488
4507.261	1.487
4507.761	1.432
4508.261	1.455
4508.761	1.464
4509.261	1.426
4509.761	1.435
4510.261	1.410
4510.761	1.412
4511.261	1.406
4511.761	1.395
4512.261	1.389
4512.761	1.363
4513.261	1.392
4513.761	1.354
4514.261	1.375
4514.761	1.364
4515.261	1.378
4515.761	1.362
4516.261	1.350
4516.761	1.377
4517.261	1.354
4517.761	1.349
4518.261	1.326
4518.761	1.358
4519.261	1.338
4519.761	1.323
4520.261	1.324
4520.761	1.319
4521.261	1.337
4521.761	1.318
4522.261	1.313
4522.761	1.306
4523.261	1.291
4523.761	1.310
4524.261	1.287
4524.761	1.303
4525.261	1.301
4525.761	1.295
4526.261	1.307
4526.761	1.267
4527.261	1.282
4527.761	1.261
4528.261	1.269
4528.761	1.293
4529.261	1.278
4529.761	1.272
4530.261	1.255
4530.761	1.262
4531.261	1.274
4531.761	1.248
4532.261	1.259
4532.761	1.241
4533.261	1.265
4533.761	1.255
4534.261	1.255
4534.761	1.254
4535.261	1.256
4535.761	1.238
4536.261	1.244
4536.761	1.238
4537.261	1.241
4537.761	1.248
4538.261	1.210
4538.761	1.228
4539.261	1.231
4539.761	1.236
4540.261	1.219
4540.761	1.222
4541.261	1.220
4541.761	1.227
4542.261	1.232
4542.761	1.231
4543.261	1.245
4543.761	1.225
4544.261	1.226
4544.761	1.223
4545.261	1.222
4545.761	1.253
4546.261	1.246
4546.761	1.239
4547.261	1.260
4547.761	1.240
4548.261	1.247
4548.761	1.253
4549.261	1.269
4549.761	1.244
4550.261	1.253
4550.761	1.241
4551.261	1.269
4551.761	1.255
4552.261	1.291
4552.761	1.275
4553.261	1.276
4553.761	1.282
4554.261	1.293
4554.761	1.302
4555.261	1.286
4555.761	1.293
4556.261	1.285
4556.761	1.286
4557.261	1.305
4557.761	1.309
4558.261	1.295
4558.761	1.310
4559.261	1.307
4559.761	1.334
4560.261	1.311
4560.761	1.317
4561.261	1.328
4561.761	1.341
4562.261	1.335
4562.761	1.346
4563.261	1.333
4563.761	1.343
4564.261	1.358
4564.761	1.362
4565.261	1.363
4565.761	1.368
4566.261	1.376
4566.761	1.347
4567.261	1.362
4567.761	1.362
4568.261	1.374
4568.761	1.381
4569.261	1.392
4569.761	1.410
4570.261	1.395
4570.761	1.389
4571.261	1.395
4571.761	1.404
4572.261	1.408
4572.761	1.409
4573.261	1.412
4573.761	1.408
4574.261	1.410
4574.761	1.412
4575.261	1.423
4575.761	1.417
4576.261	1.419
4576.761	1.427
4577.261	1.443
4577.761	1.446
4578.261	1.438
4578.761	1.456
4579.261	1.447
4579.761	1.449
4580.261	1.468
4580.761	1.452
4581.261	1.464
4581.761	1.470
4582.261	1.481
4582.761	1.493
4583.261	1.476
4583.761	1.476
4584.261	1.491
4584.761	1.500
4585.261	1.501
4585.761	1.506
4586.261	1.493
4586.761	1.503
4587.261	1.498
4587.761	1.493
4588.261	1.494
4588.761	1.485
4589.261	1.487
4589.761	1.484
4590.261	1.491
4590.761	1.489
4591.261	1.502
4591.761	1.479
4592.261	1.503
4592.761	1.495
4593.261	1.481
4593.761	1.490
4594.261	1.494
4594.761	1.486
4595.261	1.501
4595.761	1.499
4596.261	1.474
4596.761	1.505
4597.261	1.472
4597.761	1.483
4598.261	1.484
4598.761	1.481
4599.261	1.483
4599.761	1.495
4600.261	1.483
4600.761	1.469
4601.261	1.485
4601.761	1.462
4602.261	1.487
4602.761	1.473
4603.261	1.465
4603.761	1.471
4604.261	1.471
4604.761	1.475
4605.261	1.456
4605.761	1.466
4606.261	1.471
4606.761	1.467
4607.261	1.460
4607.761	1.454
4608.261	1.470
4608.761	1.441
4609.261	1.458
4609.761	1.439
4610.261	1.459
4610.761	1.445
4611.261	1.459
4611.761	1.437
4612.261	1.444
4612.761	1.440
4613.261	1.442
4613.761	1.449
4614.261	1.455
4614.761	1.432
4615.261	1.431
4615.761	1.437
4616.261	1.436
4616.761	1.430
4617.261	1.419
4617.761	1.410
4618.261	1.406
4618.761	1.413
4619.261	1.403
4619.761	1.408
4620.261	1.375
4620.761	1.390
4621.261	1.374
4621.761	1.382
4622.261	1.363
4622.761	1.372
4623.261	1.359
4623.761	1.341
4624.261	1.345
4624.761	1.340
4625.261	1.318
4625.761	1.319
4626.261	1.310
4626.761	1.307
4627.261	1.305
4627.761	1.306
4628.261	1.296
4628.761	1.285
4629.261	1.297
4629.761	1.286
4630.261	1.267
4630.761	1.278
4631.261	1.260
4631.761	1.261
4632.261	1.258
4632.761	1.261
4633.261	1.249
4633.761	1.233
4634.261	1.236
4634.761	1.241
4635.261	1.231
4635.761	1.224
4636.261	1.218
4636.761	1.217
4637.261	1.201
4637.761	1.212
4638.261	1.204
4638.761	1.198
4639.261	1.197
4639.761	1.183
4640.261	1.189
4640.761	1.183
4641.261	1.185
4641.761	1.169
4642.261	1.170
4642.761	1.155
4643.261	1.169
4643.761	1.158
4644.261	1.147
4644.761	1.153
4645.261	1.143
4645.761	1.149
4646.261	1.155
4646.761	1.156
4647.261	1.149
4647.761	1.130
4648.261	1.128
4648.761	1.139
4649.261	1.137
4649.761	1.136
4650.261	1.123
4650.761	1.133
4651.261	1.123
4651.761	1.124
4652.261	1.115
4652.761	1.108
4653.261	1.116
4653.761	1.112
4654.261	1.093
4654.761	1.121
4655.261	1.108
4655.761	1.118
4656.261	1.104
4656.761	1.105
4657.261	1.112
4657.761	1.107
4658.261	1.106
4658.761	1.102
4659.261	1.112
4659.761	1.115
4660.261	1.134
4660.761	1.123
4661.261	1.126
4661.761	1.136
4662.261	1.124
4662.761	1.135
4663.261	1.137
4663.761	1.154
4664.261	1.141
4664.761	1.148
4665.261	1.159
4665.761	1.174
4666.261	1.160
4666.761	1.165
4667.261	1.176
4667.761	1.148
4668.261	1.171
4668.761	1.181
4669.261	1.190
4669.761	1.174
4670.261	1.190
4670.761	1.188
4671.261	1.201
4671.761	1.209
4672.261	1.204
4672.761	1.213
4673.261	1.221
4673.761	1.231
4674.261	1.216
4674.761	1.240
4675.261	1.232
4675.761	1.242
4676.261	1.246
4676.761	1.234
4677.261	1.235
4677.761	1.248
4678.261	1.234
4678.761	1.273
4679.261	1.251
4679.761	1.259
4680.261	1.270
4680.761	1.266
4681.261	1.245
4681.761	1.273
4682.261	1.265
4682.761	1.276
4683.261	1.273
4683.761	1.269
4684.261	1.279
4684.761	1.283
4685.261	1.263
4685.761	1.263
4686.261	1.274
4686.761	1.278
4687.261	1.269
4687.761	1.266
4688.261	1.272
4688.761	1.267
4689.261	1.258
4689.761	1.269
4690.261	1.261
4690.761	1.270
4691.261	1.266
4691.761	1.254
4692.261	1.268
4692.761	1.248
4693.261	1.259
4693.761	1.268
4694.261	1.261
4694.761	1.269
4695.261	1.262
4695.761	1.252
4696.261	1.248
4696.761	1.263
4697.261	1.258
4697.761	1.243
4698.261	1.250
4698.761	1.242
4699.261	1.238
4699.761	1.244
4700.261	1.226
4700.761	1.240
4701.261	1.210
4701.761	1.217
4702.261	1.220
4702.761	1.201
4703.261	1.217
4703.761	1.197
4704.261	1.185
4704.761	1.200
4705.261	1.188
4705.761	1.192
4706.261	1.172
4706.761	1.162
4707.261	1.172
4707.761	1.159
4708.261	1.162
4708.761	1.164
4709.261	1.147
4709.761	1.158
4710.261	1.131
4710.761	1.134
4711.261	1.125
4711.761	1.123
4712.261	1.105
4712.761	1.111
4713.261	1.102
4713.761	1.102
4714.261	1.072
4714.761	1.082
4715.261	1.085
4715.761	1.071
4716.261	1.069
4716.761	1.065
4717.261	1.055
4717.761	1.049
4718.261	1.032
4718.761	1.045
4719.261	1.026
4719.761	1.007
4720.261	1.017
4720.761	1.003
4721.261	1.012
4721.761	1.002
4722.261	0.981
4722.761	0.978
4723.261	0.976
4723.761	0.984
4724.261	0.974
4724.761	0.963
4725.261	0.947
4725.761	0.953
4726.261	0.941
4726.761	0.940
4727.261	0.924
4727.761	0.934
4728.261	0.924
4728.761	0.911
4729.261	0.916
4729.761	0.915
4730.261	0.911
4730.761	0.900
4731.261	0.896
4731.761	0.896
4732.261	0.891
4732.761	0.886
4733.261	0.885
4733.761	0.874
4734.261	0.872
4734.761	0.876
4735.261	0.860
4735.761	0.866
4736.261	0.857
4736.761	0.851
4737.261	0.856
4737.761	0.849
4738.261	0.848
4738.761	0.847
4739.261	0.839
4739.761	0.835
4740.261	0.842
4740.761	0.839
4741.261	0.835
4741.761	0.831
4742.261	0.828
4742.761	0.822
4743.261	0.824
4743.761	0.830
4744.261	0.821
4744.761	0.817
4745.261	0.818
4745.761	0.820
4746.261	0.816
4746.761	0.818
4747.261	0.813
4747.761	0.818
4748.261	0.808
4748.761	0.809
4749.261	0.813
4749.761	0.812
4750.261	0.814
4750.761	0.817
4751.261	0.814
4751.761	0.811
4752.261	0.814
4752.761	0.811
4753.261	0.800
4753.761	0.813
4754.261	0.811
4754.761	0.809
4755.261	0.812
4755.761	0.811
4756.261	0.813
4756.761	0.806
4757.261	0.816
4757.761	0.807
4758.261	0.816
4758.761	0.810
4759.261	0.812
4759.761	0.816
4760.261	0.812
4760.761	0.813
4761.261	0.812
4761.761	0.816
4762.261	0.809
4762.761	0.811
4763.261	0.813
4763.761	0.816
4764.261	0.816
4764.761	0.819
4765.261	0.811
4765.761	0.811
4766.261	0.806
4766.761	0.806
4767.261	0.810
4767.761	0.813
4768.261	0.816
4768.761	0.814
4769.261	0.810
4769.761	0.816
4770.261	0.811
4770.761	0.819
4771.261	0.813
4771.761	0.815
4772.261	0.815
4772.761	0.816
4773.261	0.817
4773.761	0.812
4774.261	0.812
4774.761	0.810
4775.261	0.813
4775.761	0.816
4776.261	0.816
4776.761	0.815
4777.261	0.810
4777.761	0.815
4778.261	0.818
4778.761	0.812
4779.261	0.816
4779.761	0.817
4780.261	0.812
4780.761	0.811
4781.261	0.813
4781.761	0.811
4782.261	0.817
4782.761	0.811
4783.261	0.810
4783.761	0.815
4784.261	0.816
4784.761	0.809
4785.261	0.807
4785.761	0.809
4786.261	0.811
4786.761	0.812
4787.261	0.811
4787.761	0.810
4788.261	0.810
4788.761	0.805
4789.261	0.812
4789.761	0.807
4790.261	0.811
4790.761	0.812
4791.261	0.809
4791.761	0.808
4792.261	0.813
4792.761	0.810
4793.261	0.803
4793.761	0.806
4794.261	0.816
4794.761	0.808
4795.261	0.809
4795.761	0.805
4796.261	0.809
4796.761	0.802
4797.261	0.808
4797.761	0.806
4798.261	0.805
4798.761	0.801
4799.261	0.806
4799.761	0.800
4800.261	0.801
4800.761	0.800
4801.261	0.797
4801.761	0.806
4802.261	0.796
4802.761	0.808
4803.261	0.810
4803.761	0.806
4804.261	0.803
4804.761	0.802
4805.261	0.801
4805.761	0.803
4806.261	0.800
4806.761	0.792
4807.261	0.799
4807.761	0.791
4808.261	0.792
4808.761	0.795
4809.261	0.787
4809.761	0.788
4810.261	0.786
4810.761	0.783
4811.261	0.782
4811.761	0.784
4812.261	0.776
4812.761	0.782
4813.261	0.778
4813.761	0.780
4814.261	0.774
4814.761	0.774
4815.261	0.769
4815.761	0.769
4816.261	0.766
4816.761	0.765
4817.261	0.767
4817.761	0.760
4818.261	0.765
4818.761	0.761
4819.261	0.759
4819.761	0.757
4820.261	0.757
4820.761	0.753
4821.261	0.750
4821.761	0.753
4822.261	0.748
4822.761	0.749
4823.261	0.751
4823.761	0.743
4824.261	0.742
4824.761	0.743
4825.261	0.749
4825.761	0.738
4826.261	0.734
4826.761	0.731
4827.261	0.739
4827.761	0.733
4828.261	0.735
4828.761	0.732
4829.261	0.731
4829.761	0.731
4830.261	0.727
4830.761	0.732
4831.261	0.727
4831.761	0.724
4832.261	0.720
4832.761	0.712
4833.261	0.718
4833.761	0.717
4834.261	0.716
4834.761	0.717
4835.261	0.713
4835.761	0.714
4836.261	0.710
4836.761	0.711
4837.261	0.707
4837.761	0.704
4838.261	0.703
4838.761	0.703
4839.261	0.702
4839.761	0.707
4840.261	0.698
4840.761	0.702
4841.261	0.698
4841.761	0.697
4842.261	0.693
4842.761	0.697
4843.261	0.694
4843.761	0.692
4844.261	0.689
4844.761	0.688
4845.261	0.687
4845.761	0.682
4846.261	0.684
4846.761	0.683
4847.261	0.680
4847.761	0.678
4848.261	0.676
4848.761	0.677
4849.261	0.679
4849.761	0.672
4850.261	0.678
4850.761	0.672
4851.261	0.679
4851.761	0.676
4852.261	0.679
4852.761	0.672
4853.261	0.676
4853.761	0.676
4854.261	0.679
4854.761	0.680
4855.261	0.680
4855.761	0.672
4856.261	0.666
4856.761	0.672
4857.261	0.675
4857.761	0.675
4858.261	0.668
4858.761	0.672
4859.261	0.669
4859.761	0.669
4860.261	0.669
4860.761	0.669
4861.261	0.669
4861.761	0.672
4862.261	0.671
4862.761	0.672
4863.261	0.672
4863.761	0.670
4864.261	0.667
4864.761	0.672
4865.261	0.676
4865.761	0.666
4866.261	0.666
4866.761	0.667
4867.261	0.671
4867.761	0.669
4868.261	0.670
4868.761	0.672
4869.261	0.665
4869.761	0.666
4870.261	0.667
4870.761	0.671
4871.261	0.663
4871.761	0.667
4872.261	0.665
4872.761	0.664
4873.261	0.665
4873.761	0.663
4874.261	0.668
4874.761	0.664
4875.261	0.662
4875.761	0.661
4876.261	0.665
4876.761	0.670
4877.261	0.662
4877.761	0.667
4878.261	0.661
4878.761	0.662
4879.261	0.665
4879.761	0.661
4880.261	0.660
4880.761	0.662
4881.261	0.655
4881.761	0.667
4882.261	0.662
4882.761	0.660
4883.261	0.661
4883.761	0.660
4884.261	0.654
4884.761	0.661
4885.261	0.664
4885.761	0.659
4886.261	0.656
4886.761	0.658
4887.261	0.655
4887.761	0.657
4888.261	0.658
4888.761	0.654
4889.261	0.656
4889.761	0.657
4890.261	0.656
4890.761	0.652
4891.261	0.653
4891.761	0.655
4892.261	0.653
4892.761	0.654
4893.261	0.657
4893.761	0.658
4894.261	0.660
4894.761	0.656
4895.261	0.652
4895.761	0.656
4896.261	0.657
4896.761	0.652
4897.261	0.653
4897.761	0.656
4898.261	0.653
4898.761	0.652
4899.261	0.652
4899.761	0.648
4900.261	0.648
4900.761	0.651
4901.261	0.654
4901.761	0.649
4902.261	0.651
4902.761	0.650
4903.261	0.648
4903.761	0.653
4904.261	0.653
4904.761	0.647
4905.261	0.655
4905.761	0.648
4906.261	0.654
4906.761	0.648
4907.261	0.651
4907.761	0.651
4908.261	0.646
4908.761	0.646
4909.261	0.648
4909.761	0.650
4910.261	0.653
4910.761	0.650
4911.261	0.652
4911.761	0.646
4912.261	0.651
4912.761	0.648
4913.261	0.644
4913.761	0.647
4914.261	0.649
4914.761	0.645
4915.261	0.649
4915.761	0.647
4916.261	0.643
4916.761	0.649
4917.261	0.648
4917.761	0.646
4918.261	0.647
4918.761	0.647
4919.261	0.645
4919.761	0.654
4920.261	0.643
4920.761	0.646
4921.261	0.642
4921.761	0.648
4922.261	0.643
4922.761	0.649
4923.261	0.649
4923.761	0.650
4924.261	0.648
4924.761	0.647
4925.261	0.652
4925.761	0.649
4926.261	0.649
4926.761	0.649
4927.261	0.650
4927.761	0.649
4928.261	0.647
4928.761	0.650
4929.261	0.651
4929.761	0.653
4930.261	0.649
4930.761	0.645
4931.261	0.646
4931.761	0.652
4932.261	0.650
4932.761	0.650
4933.261	0.654
4933.761	0.650
4934.261	0.654
4934.761	0.652
4935.261	0.655
4935.761	0.652
4936.261	0.651
4936.761	0.651
4937.261	0.653
4937.761	0.653
4938.261	0.652
4938.761	0.655
4939.261	0.656
4939.761	0.653
4940.261	0.655
4940.761	0.653
4941.261	0.660
4941.761	0.657
4942.261	0.654
4942.761	0.659
4943.261	0.652
4943.761	0.654
4944.261	0.657
4944.761	0.655
4945.261	0.664
4945.761	0.659
4946.261	0.653
4946.761	0.652
4947.261	0.657
4947.761	0.663
4948.261	0.666
4948.761	0.675
4949.261	0.691
4949.761	0.705
4950.261	0.733
4950.761	0.752
4951.261	0.764
4951.761	0.774
4952.261	0.798
4952.761	0.824
4953.261	0.837
4953.761	0.856
4954.261	0.880
4954.761	0.892
4955.261	0.907
4955.761	0.918
4956.261	0.952
4956.761	0.966
4957.261	0.974
4957.761	0.986
4958.261	1.016
4958.761	1.032
4959.261	1.049
4959.761	1.068
4960.261	1.099
4960.761	1.115
4961.261	1.143
4961.761	1.155
4962.261	1.161
4962.761	1.171
4963.261	1.191
4963.761	1.225
4964.261	1.232
4964.761	1.265
4965.261	1.282
4965.761	1.291
4966.261	1.341
4966.761	1.345
4967.261	1.374
4967.761	1.372
4968.261	1.403
4968.761	1.409
4969.261	1.441
4969.761	1.446
4970.261	1.466
4970.761	1.476
4971.261	1.502
4971.761	1.528
4972.261	1.548
4972.761	1.561
4973.261	1.578
4973.761	1.588
4974.261	1.632
4974.761	1.673
4975.261	1.664
4975.761	1.691
4976.261	1.700
4976.761	1.694
4977.261	1.741
4977.761	1.744
4978.261	1.772
4978.761	1.795
4979.261	1.805
4979.761	1.816
4980.261	1.847
4980.761	1.855
4981.261	1.890
4981.761	1.880
4982.261	1.890
4982.761	1.909
4983.261	1.939
4983.761	1.981
4984.261	1.959
4984.761	1.969
4985.261	2.005
4985.761	1.999
4986.261	2.060
4986.761	2.060
4987.261	2.047
4987.761	2.053
4988.261	2.067
4988.761	2.090
4989.261	2.097
4989.761	2.128
4990.261	2.151
4990.761	2.136
4991.261	2.122
4991.761	2.130
4992.261	2.172
4992.761	2.169
4993.261	2.168
4993.761	2.172
4994.261	2.125
4994.761	2.184
4995.261	2.181
4995.761	2.161
4996.261	2.141
4996.761	2.141
4997.261	2.155
4997.761	2.163
4998.261	2.138
4998.761	2.168
4999.261	2.177
4999.761	2.155
5000.261	2.164
5000.761	2.145
5001.261	2.166
5001.761	2.177
5002.261	2.163
5002.761	2.193
5003.261	2.178
5003.761	2.163
5004.261	2.151
5004.761	2.152
5005.261	2.167
5005.761	2.145
5006.261	2.139
5006.761	2.144
5007.261	2.167
5007.761	2.142
5008.261	2.162
5008.761	2.142
5009.261	2.158
5009.761	2.167
5010.261	2.151
5010.761	2.101
5011.261	2.165
5011.761	2.136
5012.261	2.124
5012.761	2.156
5013.261	2.116
5013.761	2.143
5014.261	2.151
5014.761	2.134
5015.261	2.188
5015.761	2.147
5016.261	2.163
5016.761	2.165
5017.261	2.141
5017.761	2.179
5018.261	2.146
5018.761	2.162
5019.261	2.134
5019.761	2.156
5020.261	2.132
5020.761	2.163
5021.261	2.121
5021.761	2.143
5022.261	2.119
5022.761	2.099
5023.261	2.038
5023.761	2.035
5024.261	2.060
5024.761	2.022
5025.261	1.988
5025.761	2.002
5026.261	1.933
5026.761	1.923
5027.261	1.926
5027.761	1.910
5028.261	1.869
5028.762	1.871
5029.261	1.837
5029.761	1.843
5030.261	1.818
5030.761	1.777
5031.261	1.782
5031.761	1.743
5032.261	1.768
5032.761	1.727
5033.261	1.690
5033.761	1.675
5034.261	1.656
5034.761	1.640
5035.261	1.606
5035.761	1.589
5036.261	1.577
5036.761	1.551
5037.261	1.545
5037.761	1.514
5038.261	1.490
5038.761	1.482
5039.261	1.441
5039.761	1.432
5040.261	1.421
5040.761	1.418
5041.261	1.352
5041.761	1.353
5042.261	1.337
5042.761	1.327
5043.261	1.315
5043.761	1.270
5044.261	1.247
5044.761	1.245
5045.261	1.227
5045.761	1.216
5046.261	1.191
5046.761	1.164
5047.261	1.131
5047.761	1.127
5048.261	1.119
5048.761	1.100
5049.261	1.070
5049.761	1.047
5050.261	1.042
5050.761	1.022
5051.261	1.004
5051.761	0.978
5052.261	0.956
5052.761	0.951
5053.261	0.930
5053.761	0.908
5054.261	0.905
5054.761	0.865
5055.261	0.866
5055.761	0.849
5056.261	0.830
5056.761	0.818
5057.261	0.792
5057.761	0.783
5058.261	0.771
5058.761	0.754
5059.261	0.743
5059.761	0.729
5060.261	0.709
5060.761	0.693
5061.261	0.687
5061.761	0.675
5062.261	0.663
5062.761	0.656
5063.261	0.648
5063.761	0.656
5064.261	0.652
5064.761	0.648
5065.261	0.653
5065.761	0.651
5066.261	0.650
5066.761	0.649
5067.261	0.649
5067.761	0.655
5068.261	0.647
5068.761	0.651
5069.261	0.649
5069.761	0.648
5070.261	0.650
5070.761	0.647
5071.261	0.652
5071.761	0.652
5072.261	0.653
5072.761	0.655
5073.261	0.652
5073.761	0.654
5074.261	0.655
5074.761	0.651
5075.261	0.653
5075.761	0.655
5076.261	0.649
5076.761	0.655
5077.261	0.655
5077.761	0.656
5078.261	0.661
5078.761	0.659
5079.261	0.652
5079.761	0.658
5080.261	0.657
5080.761	0.656
5081.261	0.653
5081.761	0.659
5082.261	0.651
5082.761	0.652
5083.261	0.661
5083.761	0.662
5084.261	0.661
5084.761	0.663
5085.261	0.660
5085.761	0.661
5086.261	0.659
5086.761	0.659
5087.261	0.660
5087.761	0.660
5088.261	0.665
5088.761	0.658
5089.261	0.658
5089.761	0.661
5090.261	0.661
5090.761	0.662
5091.261	0.663
5091.761	0.661
5092.261	0.666
5092.761	0.662
5093.261	0.671
5093.761	0.663
5094.261	0.665
5094.761	0.669
5095.261	0.669
5095.761	0.670
5096.261	0.670
5096.761	0.669
5097.261	0.671
5097.761	0.675
5098.261	0.667
5098.761	0.668
5099.261	0.666
5099.761	0.671
5100.261	0.672
5100.761	0.675
5101.261	0.675
5101.761	0.672
5102.261	0.669
5102.761	0.672
5103.261	0.671
5103.761	0.671
5104.261	0.679
5104.761	0.666
5105.261	0.674
5105.761	0.672
5106.261	0.665
5106.761	0.680
5107.261	0.674
5107.761	0.672
5108.261	0.674
5108.761	0.678
5109.261	0.678
5109.761	0.677
5110.261	0.675
5110.761	0.677
5111.261	0.674
5111.761	0.677
5112.261	0.681
5112.761	0.680
5113.261	0.680
5113.761	0.677
5114.261	0.681
5114.761	0.684
5115.261	0.682
5115.761	0.685
5116.261	0.677
5116.761	0.677
5117.261	0.685
5117.761	0.682
5118.261	0.686
5118.761	0.686
5119.261	0.681
5119.761	0.685
5120.261	0.683
5120.761	0.692
5121.261	0.681
5121.761	0.687
5122.261	0.684
5122.761	0.688
5123.261	0.684
5123.761	0.684
5124.261	0.682
5124.761	0.682
5125.261	0.688
5125.761	0.684
5126.261	0.683
5126.761	0.687
5127.261	0.682
5127.761	0.685
5128.261	0.687
5128.761	0.685
5129.261	0.690
5129.761	0.685
5130.261	0.690
5130.761	0.687
5131.261	0.682
5131.761	0.687
5132.261	0.683
5132.761	0.686
5133.261	0.686
5133.761	0.694
5134.261	0.684
5134.761	0.683
5135.261	0.686
5135.761	0.689
5136.261	0.687
5136.761	0.686
5137.261	0.682
5137.761	0.684
5138.261	0.688
5138.761	0.689
5139.261	0.680
5139.761	0.686
5140.261	0.684
5140.761	0.686
5141.261	0.685
5141.761	0.688
5142.261	0.688
5142.761	0.682
5143.261	0.685
5143.761	0.681
5144.261	0.684
5144.761	0.689
5145.261	0.686
5145.761	0.682
5146.261	0.684
5146.761	0.685
5147.261	0.685
5147.761	0.681
5148.261	0.682
5148.761	0.684
5149.261	0.680
5149.761	0.679
5150.261	0.682
5150.761	0.687
5151.261	0.682
5151.761	0.686
5152.261	0.682
5152.761	0.677
5153.261	0.686
5153.761	0.688
5154.261	0.685
5154.761	0.681
5155.261	0.685
5155.761	0.681
5156.261	0.688
5156.761	0.684
5157.261	0.686
5157.761	0.683
5158.261	0.678
5158.761	0.684
5159.261	0.680
5159.761	0.680
5160.261	0.680
5160.761	0.682
5161.261	0.679
5161.761	0.677
5162.261	0.676
5162.761	0.674
5163.261	0.682
5163.761	0.678
5164.261	0.682
5164.761	0.679
5165.261	0.680
5165.761	0.679
5166.261	0.677
5166.761	0.677
5167.261	0.683
5167.761	0.677
5168.261	0.676
5168.761	0.675
5169.261	0.677
5169.761	0.678
5170.261	0.683
5170.761	0.677
5171.261	0.677
5171.761	0.677
5172.261	0.674
5172.761	0.675
5173.261	0.680
5173.761	0.674
5174.261	0.673
5174.761	0.673
5175.261	0.674
5175.761	0.672
5176.261	0.673
5176.761	0.673
5177.261	0.675
5177.761	0.674
5178.261	0.673
5178.761	0.675
5179.261	0.673
5179.761	0.672
5180.261	0.671
5180.761	0.675
5181.261	0.671
5181.761	0.666
5182.261	0.673
5182.761	0.676
5183.261	0.672
5183.761	0.675
5184.261	0.668
5184.761	0.666
5185.261	0.669
5185.761	0.672
5186.261	0.671
5186.761	0.673
5187.261	0.668
5187.761	0.674
5188.261	0.670
5188.761	0.666
5189.261	0.671
5189.761	0.671
5190.261	0.673
5190.761	0.676
5191.261	0.673
5191.761	0.676
5192.261	0.676
5192.761	0.667
5193.261	0.673
5193.761	0.671
5194.261	0.674
5194.761	0.673
5195.261	0.675
5195.761	0.675
5196.261	0.678
5196.761	0.683
5197.261	0.673
5197.761	0.678
5198.261	0.681
5198.761	0.677
5199.261	0.677
5199.761	0.681
5200.261	0.683
5200.761	0.682
5201.261	0.684
5201.761	0.685
5202.261	0.685
5202.761	0.684
5203.261	0.679
5203.761	0.682
5204.261	0.687
5204.761	0.684
5205.261	0.689
5205.761	0.686
5206.261	0.686
5206.761	0.689
5207.261	0.693
5207.761	0.695
5208.261	0.692
5208.761	0.693
5209.261	0.694
5209.761	0.695
5210.261	0.696
5210.761	0.698
5211.261	0.697
5211.761	0.698
5212.261	0.696
5212.761	0.698
5213.261	0.700
5213.761	0.704
5214.261	0.699
5214.761	0.699
5215.261	0.702
5215.761	0.701
5216.261	0.705
5216.761	0.706
5217.261	0.709
5217.761	0.703
5218.261	0.704
5218.761	0.706
5219.261	0.709
5219.761	0.707
5220.261	0.710
5220.761	0.712
5221.261	0.710
5221.761	0.711
5222.261	0.716
5222.761	0.718
5223.261	0.714
5223.761	0.718
5224.261	0.719
5224.761	0.723
5225.261	0.724
5225.761	0.726
5226.261	0.725
5226.761	0.723
5227.261	0.730
5227.761	0.727
5228.261	0.731
5228.761	0.738
5229.261	0.733
5229.761	0.736
5230.261	0.737
5230.761	0.733
5231.261	0.738
5231.761	0.739
5232.261	0.738
5232.761	0.745
5233.261	0.746
5233.761	0.751
5234.261	0.747
5234.761	0.748
5235.261	0.748
5235.761	0.748
5236.261	0.750
5236.761	0.752
5237.261	0.759
5237.761	0.750
5238.261	0.755
5238.761	0.756
5239.261	0.760
5239.761	0.758
5240.261	0.760
5240.761	0.760
5241.261	0.767
5241.761	0.764
5242.261	0.766
5242.761	0.770
5243.261	0.768
5243.761	0.766
5244.261	0.778
5244.761	0.778
5245.261	0.774
5245.761	0.779
5246.261	0.774
5246.761	0.780
5247.261	0.779
5247.761	0.794
5248.261	0.784
5248.761	0.784
5249.261	0.790
5249.761	0.796
5250.261	0.794
5250.761	0.793
5251.261	0.802
5251.761	0.804
5252.261	0.795
5252.761	0.804
5253.261	0.805
5253.761	0.806
5254.261	0.805
5254.761	0.816
5255.261	0.813
5255.761	0.816
5256.261	0.813
5256.761	0.820
5257.261	0.825
5257.761	0.823
5258.261	0.826
5258.761	0.826
5259.261	0.820
5259.761	0.833
5260.261	0.835
5260.761	0.841
5261.261	0.837
5261.761	0.845
5262.261	0.848
5262.761	0.838
5263.261	0.840
5263.761	0.844
5264.261	0.853
5264.761	0.859
5265.261	0.856
5265.761	0.860
5266.261	0.864
5266.761	0.856
5267.261	0.871
5267.761	0.865
5268.261	0.870
5268.761	0.871
5269.261	0.869
5269.761	0.866
5270.261	0.877
5270.761	0.881
5271.261	0.883
5271.761	0.882
5272.261	0.876
5272.761	0.876
5273.261	0.884
5273.761	0.886
5274.261	0.892
5274.761	0.880
5275.261	0.895
5275.761	0.896
5276.261	0.897
5276.761	0.891
5277.261	0.904
5277.761	0.899
5278.261	0.903
5278.761	0.904
5279.261	0.905
5279.761	0.912
5280.261	0.913
5280.761	0.906
5281.261	0.920
5281.761	0.911
5282.261	0.914
5282.761	0.926
5283.261	0.930
5283.761	0.922
5284.261	0.923
5284.761	0.922
5285.261	0.932
5285.761	0.929
5286.261	0.934
5286.761	0.938
5287.261	0.936
5287.761	0.931
5288.261	0.932
5288.761	0.947
5289.261	0.952
5289.761	0.936
5290.261	0.931
5290.761	0.937
5291.261	0.948
5291.761	0.952
5292.261	0.942
5292.761	0.946
5293.261	0.950
5293.761	0.947
5294.261	0.941
5294.761	0.940
5295.261	0.953
5295.761	0.939
5296.261	0.948
5296.761	0.936
5297.261	0.933
5297.761	0.937
5298.261	0.940
5298.761	0.919
5299.261	0.928
5299.761	0.926
5300.261	0.931
5300.761	0.932
5301.261	0.920
5301.761	0.928
5302.261	0.915
5302.761	0.928
5303.261	0.921
5303.761	0.913
5304.261	0.918
5304.761	0.914
5305.261	0.919
5305.761	0.903
5306.261	0.903
5306.761	0.903
5307.261	0.892
5307.761	0.889
5308.261	0.900
5308.761	0.888
5309.261	0.896
5309.761	0.891
5310.261	0.889
5310.761	0.885
5311.261	0.886
5311.761	0.874
5312.261	0.878
5312.761	0.871
5313.261	0.875
5313.761	0.871
5314.261	0.865
5314.761	0.862
5315.261	0.861
5315.761	0.862
5316.261	0.869
5316.761	0.867
5317.261	0.859
5317.761	0.863
5318.261	0.859
5318.761	0.850
5319.261	0.847
5319.761	0.847
5320.261	0.847
5320.761	0.840
5321.261	0.837
5321.761	0.838
5322.261	0.827
5322.761	0.822
5323.261	0.823
5323.761	0.824
5324.261	0.823
5324.761	0.826
5325.261	0.816
5325.761	0.815
5326.261	0.815
5326.761	0.812
5327.261	0.809
5327.761	0.800
5328.261	0.804
5328.761	0.804
5329.261	0.797
5329.761	0.802
5330.261	0.799
5330.761	0.786
5331.261	0.786
5331.761	0.785
5332.261	0.784
5332.761	0.789
5333.261	0.782
5333.761	0.783
5334.261	0.774
5334.761	0.773
5335.261	0.769
5335.761	0.778
5336.261	0.771
5336.761	0.769
5337.261	0.766
5337.761	0.766
5338.261	0.755
5338.761	0.759
5339.261	0.759
5339.761	0.762
5340.261	0.765
5340.761	0.770
5341.261	0.753
5341.761	0.749
5342.261	0.757
5342.761	0.754
5343.261	0.750
5343.761	0.752
5344.261	0.749
5344.761	0.748
5345.261	0.743
5345.761	0.756
5346.261	0.742
5346.761	0.746
5347.261	0.737
5347.761	0.748
5348.261	0.736
5348.761	0.738
5349.261	0.741
5349.761	0.740
5350.261	0.739
5350.761	0.735
5351.261	0.741
5351.761	0.739
5352.261	0.739
5352.761	0.731
5353.261	0.735
5353.761	0.734
5354.261	0.738
5354.761	0.729
5355.261	0.731
5355.761	0.728
5356.261	0.727
5356.761	0.731
5357.261	0.728
5357.761	0.728
5358.261	0.732
5358.761	0.735
5359.261	0.733
5359.761	0.730
5360.261	0.731
5360.761	0.730
5361.261	0.730
5361.761	0.725
5362.261	0.723
5362.761	0.731
5363.261	0.732
5363.761	0.727
5364.261	0.727
5364.761	0.730
5365.261	0.732
5365.761	0.727
5366.261	0.732
5366.761	0.746
5367.261	0.740
5367.761	0.737
5368.261	0.745
5368.761	0.753
5369.261	0.746
5369.761	0.746
5370.261	0.744
5370.761	0.747
5371.261	0.747
5371.761	0.757
5372.261	0.741
5372.761	0.747
5373.261	0.753
5373.761	0.756
5374.261	0.750
5374.761	0.754
5375.261	0.763
5375.761	0.755
5376.261	0.756
5376.761	0.765
5377.261	0.758
5377.761	0.759
5378.261	0.758
5378.761	0.761
5379.261	0.747
5379.761	0.759
5380.261	0.757
5380.761	0.752
5381.261	0.759
5381.761	0.754
5382.261	0.756
5382.761	0.753
5383.261	0.761
5383.761	0.762
5384.261	0.758
5384.761	0.757
5385.261	0.766
5385.761	0.762
5386.261	0.768
5386.761	0.760
5387.261	0.762
5387.761	0.767
5388.261	0.768
5388.761	0.756
5389.261	0.762
5389.761	0.767
5390.261	0.762
5390.761	0.759
5391.261	0.752
5391.761	0.769
5392.261	0.764
5392.761	0.767
5393.261	0.767
5393.761	0.766
5394.261	0.769
5394.761	0.766
5395.261	0.768
5395.761	0.771
5396.261	0.771
5396.761	0.756
5397.261	0.770
5397.761	0.770
5398.261	0.769
5398.761	0.769
5399.261	0.769
5399.761	0.773
5400.261	0.772
5400.761	0.772
5401.261	0.766
5401.761	0.766
5402.261	0.769
5402.761	0.780
5403.261	0.767
5403.761	0.768
5404.261	0.767
5404.761	0.776
5405.261	0.777
5405.761	0.772
5406.261	0.770
5406.761	0.769
5407.261	0.768
5407.761	0.769
5408.261	0.763
5408.761	0.761
5409.261	0.755
5409.761	0.753
5410.261	0.761
5410.761	0.758
5411.261	0.759
5411.761	0.759
5412.261	0.755
5412.761	0.762
5413.261	0.757
5413.761	0.754
5414.261	0.759
5414.761	0.765
5415.261	0.755
5415.761	0.761
5416.261	0.763
5416.761	0.757
5417.261	0.756
5417.761	0.758
5418.261	0.770
5418.761	0.767
5419.261	0.757
5419.761	0.763
5420.261	0.771
5420.761	0.772
5421.261	0.765
5421.761	0.766
5422.261	0.781
5422.761	0.774
5423.261	0.773
5423.761	0.778
5424.261	0.770
5424.761	0.771
5425.261	0.770
5425.761	0.771
5426.261	0.778
5426.761	0.775
5427.261	0.779
5427.761	0.778
5428.261	0.788
5428.761	0.776
5429.261	0.778
5429.761	0.784
5430.261	0.784
5430.761	0.781
5431.261	0.781
5431.761	0.782
5432.261	0.795
5432.761	0.789
5433.261	0.792
5433.761	0.791
5434.261	0.780
5434.761	0.793
5435.261	0.778
5435.761	0.782
5436.261	0.790
5436.761	0.784
5437.261	0.781
5437.761	0.782
5438.261	0.782
5438.761	0.794
5439.261	0.790
5439.761	0.792
5440.261	0.790
5440.761	0.796
5441.261	0.793
5441.761	0.796
5442.261	0.788
5442.761	0.801
5443.261	0.795
5443.761	0.793
5444.261	0.800
5444.761	0.805
5445.261	0.795
5445.761	0.799
5446.261	0.799
5446.761	0.801
5447.261	0.805
5447.761	0.797
5448.261	0.803
5448.761	0.807
5449.261	0.809
5449.761	0.815
5450.261	0.806
5450.761	0.805
5451.261	0.816
5451.761	0.807
5452.261	0.808
5452.761	0.813
5453.261	0.818
5453.761	0.823
5454.261	0.813
5454.761	0.808
5455.261	0.812
5455.761	0.822
5456.261	0.812
5456.761	0.822
5457.261	0.818
5457.761	0.826
5458.261	0.825
5458.761	0.813
5459.261	0.824
5459.761	0.820
5460.261	0.823
5460.761	0.829
5461.261	0.828
5461.761	0.832
5462.261	0.832
5462.761	0.834
5463.261	0.840
5463.761	0.840
5464.261	0.837
5464.761	0.833
5465.261	0.849
5465.761	0.843
5466.261	0.835
5466.761	0.835
5467.261	0.839
5467.761	0.849
5468.261	0.846
5468.761	0.853
5469.261	0.851
5469.761	0.856
5470.261	0.856
5470.761	0.858
5471.261	0.858
5471.761	0.865
5472.261	0.861
5472.761	0.864
5473.261	0.862
5473.761	0.874
5474.261	0.865
5474.761	0.871
5475.261	0.865
5475.761	0.876
5476.261	0.876
5476.761	0.878
5477.261	0.894
5477.761	0.891
5478.261	0.880
5478.761	0.887
5479.261	0.897
5479.761	0.902
5480.261	0.896
5480.761	0.898
5481.261	0.902
5481.761	0.907
5482.261	0.903
5482.761	0.918
5483.261	0.921
5483.761	0.943
5484.261	0.937
5484.761	0.956
5485.261	0.939
5485.761	0.952
5486.261	0.965
5486.761	0.976
5487.261	0.969
5487.761	0.994
5488.261	0.995
5488.761	1.002
5489.261	1.040
5489.761	1.030
5490.261	1.081
5490.761	1.148
5491.261	1.394
5491.761	1.967
5492.261	3.226
5492.761	5.637
5493.261	6.947
5493.761	8.018
5494.261	9.022
5494.761	10.359
5495.261	11.579
5495.761	13.981
5496.261	15.038
5496.761	16.339
5497.261	17.754
5497.761	21.617
5498.261	20.797
5498.761	21.785
5499.261	26.033
5499.761	23.413
5500.761	22.845
5501.261	24.121
5501.761	29.729
5502.261	30.633
5502.761	31.221
5503.261	32.067
5503.761	32.939
5504.261	32.793
5504.761	33.700
5505.261	34.110
5505.761	34.463
5506.261	34.365
5506.761	35.171
5507.261	35.946
5507.761	35.968
5508.261	36.720
5508.761	37.136
5509.261	38.056
5509.761	37.220
5510.261	38.084
5510.761	38.745
5511.261	39.048
5511.761	39.011
5512.261	39.674
5512.761	40.177
5513.261	40.577
5513.761	41.238
5514.261	40.830
5514.761	41.343
5515.261	41.617
5515.761	42.549
5516.261	42.477
5516.761	42.391
5517.261	42.499
5517.761	42.942
5518.261	43.100
5518.761	43.955
5519.261	43.995
5519.761	44.546
5520.261	44.218
5520.761	44.547
5521.261	44.855
5521.761	45.291
5522.261	45.086
5522.761	46.046
5523.261	45.840
5523.761	46.043
5524.261	46.695
5524.761	47.017
5525.261	46.518
5525.761	46.948
5526.261	47.762
5526.761	47.660
5527.261	48.404
5527.761	48.318
5528.261	48.356
5528.761	49.036
5529.261	49.571
5529.761	48.874
5530.261	48.982
5530.761	49.854
5531.261	49.791
5531.761	50.355
5532.261	50.633
5532.761	50.299
5533.261	50.256
5533.761	50.531
5534.261	50.594
5534.761	51.163
5535.261	51.359
5535.761	50.891
5536.261	51.618
5536.761	51.433
5537.261	51.144
5537.761	51.193
5538.261	51.281
5538.761	50.953
5539.261	51.627
5539.761	51.108
5540.261	50.522
5540.761	51.159
5541.261	50.153
5541.761	51.381
5542.261	51.118
5542.761	51.114
5543.261	51.036
5543.761	50.806
5544.261	50.931
5544.761	51.024
5545.261	50.959
5545.761	51.005
5546.261	50.900
5546.761	50.971
5547.261	51.313
5547.761	50.940
5548.261	50.842
5548.761	50.856
5549.261	50.832
5549.761	50.849
5550.261	51.102
5550.761	51.408
5551.261	51.263
5551.761	51.804
5552.261	51.152
5552.761	51.393
5553.261	51.276
5553.761	50.980
5554.261	51.150
5554.761	51.226
5555.261	51.797
5555.761	51.027
5556.261	50.803
5556.761	50.990
5557.261	51.347
5557.761	51.059
5558.261	51.307
5558.761	50.736
5559.261	51.156
5559.761	51.606
5560.261	50.941
5560.761	50.904
5561.261	51.076
5561.761	51.673
5562.261	50.702
5562.761	51.250
5563.261	51.055
5563.761	51.402
5564.261	51.225
5564.761	51.741
5565.261	50.970
5565.761	50.854
5566.261	50.634
5566.761	51.325
5567.261	50.492
5567.761	49.977
5568.261	50.109
5568.761	49.867
5569.261	49.445
5569.761	49.045
5570.261	48.902
5570.761	48.728
5571.261	48.562
5571.761	48.359
5572.261	48.146
5572.761	47.391
5573.261	47.010
5573.761	47.399
5574.261	47.587
5574.761	46.538
5575.261	45.974
5575.761	46.158
5576.261	45.495
5576.761	45.632
5577.261	44.919
5577.761	44.603
5578.261	44.816
5578.761	44.617
5579.261	44.168
5579.761	43.914
5580.261	43.493
5580.761	43.301
5581.261	43.390
5581.761	42.317
5582.261	41.843
5582.761	41.536
5583.261	41.168
5583.761	41.397
5584.261	41.197
5584.761	40.658
5585.261	40.286
5585.761	40.202
5586.261	39.530
5586.761	39.085
5587.261	38.981
5587.761	38.588
5588.261	37.894
5588.761	37.808
5589.261	37.051
5589.761	37.095
5590.261	36.590
5590.761	36.035
5591.261	35.647
5591.761	35.464
5592.261	35.063
5592.761	34.438
5593.261	34.159
5593.761	33.590
5594.261	33.486
5594.761	32.918
5595.261	32.722
5595.761	31.474
5596.261	30.475
5596.761	29.048
5597.261	29.203
5597.761	28.431
5598.261	27.596
5598.761	25.379
5599.261	19.913
5600.261	19.791
5600.761	19.266
5601.261	18.196
5601.761	17.384
5602.261	16.493
5602.761	15.608
5603.261	14.232
5603.761	12.860
5604.261	11.910
5604.761	9.802
5605.261	8.864
5605.761	7.736
5606.261	6.821
5606.761	5.675
5607.261	4.640
5607.761	2.881
5608.261	1.683
5608.761	1.440
5609.261	1.290
5609.761	1.226
5610.261	1.194
5610.761	1.170
5611.261	1.156
5611.761	1.142
5612.261	1.114
5612.761	1.129
5613.261	1.085
5613.761	1.096
5614.261	1.086
5614.761	1.094
5615.261	1.096
5615.761	1.087
5616.261	1.069
5616.761	1.078
5617.261	1.070
5617.761	1.066
5618.261	1.064
5618.761	1.057
5619.261	1.057
5619.761	1.051
5620.261	1.050
5620.761	1.057
5621.261	1.045
5621.761	1.030
5622.261	1.033
5622.761	1.055
5623.261	1.037
5623.761	1.029
5624.261	1.048
5624.761	1.031
5625.261	1.021
5625.761	1.026
5626.261	1.026
5626.761	1.014
5627.261	1.023
5627.761	1.034
5628.261	1.021
5628.761	1.005
5629.261	1.014
5629.761	1.013
5630.261	1.013
5630.761	1.021
5631.261	1.000
5631.761	0.986
5632.261	1.010
5632.761	0.999
5633.261	0.989
5633.761	1.008
5634.261	0.988
5634.761	0.988
5635.261	0.989
5635.761	0.987
5636.261	0.985
5636.761	0.990
5637.261	0.991
5637.761	0.981
5638.261	0.982
5638.761	0.980
5639.261	0.976
5639.761	0.965
5640.261	0.970
5640.761	0.968
5641.261	0.964
5641.761	0.972
5642.261	0.970
5642.761	0.963
5643.261	0.959
5643.761	0.973
5644.261	0.967
5644.761	0.955
5645.261	0.967
5645.761	0.976
5646.261	0.972
5646.761	0.969
5647.261	0.959
5647.761	0.961
5648.261	0.963
5648.761	0.958
5649.261	0.960
5649.761	0.961
5650.261	0.968
5650.761	0.964
5651.261	0.968
5651.761	0.960
5652.261	0.968
5652.761	0.965
5653.261	0.961
5653.761	0.972
5654.261	0.963
5654.761	0.964
5655.261	0.958
5655.761	0.973
5656.261	0.959
5656.761	0.975
5657.261	0.971
5657.761	0.975
5658.261	0.968
5658.761	0.967
5659.261	0.971
5659.761	0.971
5660.261	0.976
5660.761	0.955
5661.261	0.967
5661.761	0.976
5662.261	0.970
5662.761	0.976
5663.261	0.958
5663.761	0.972
5664.261	0.971
5664.761	0.973
5665.261	0.973
5665.761	0.970
5666.261	0.967
5666.761	0.958
5667.261	0.958
5667.761	0.961
5668.261	0.962
5668.761	0.972
5669.261	0.959
5669.761	0.963
5670.261	0.952
5670.761	0.968
5671.261	0.963
5671.761	0.948
5672.261	0.960
5672.761	0.962
5673.261	0.954
5673.761	0.958
5674.261	0.951
5674.761	0.952
5675.261	0.962
5675.761	0.967
5676.261	0.950
5676.761	0.961
5677.261	0.959
5677.761	0.961
5678.261	0.953
5678.761	0.954
5679.261	0.949
5679.761	0.964
5680.261	0.945
5680.761	0.936
5681.261	0.947
5681.761	0.940
5682.261	0.942
5682.761	0.942
5683.261	0.938
5683.761	0.948
5684.261	0.948
5684.761	0.937
5685.261	0.945
5685.761	0.935
5686.261	0.925
5686.761	0.939
5687.261	0.933
5687.761	0.936
5688.261	0.938
5688.761	0.932
5689.261	0.916
5689.761	0.932
5690.261	0.928
5690.761	0.925
5691.261	0.918
5691.761	0.923
5692.261	0.927
5692.761	0.930
5693.261	0.930
5693.761	0.923
5694.261	0.931
5694.761	0.933
5695.261	0.922
5695.761	0.928
5696.261	0.920
5696.761	0.922
5697.261	0.915
5697.761	0.914
5698.261	0.906
5698.761	0.912
5699.261	0.917
5699.761	0.918
5700.261	0.915
5700.761	0.908
5701.261	0.910
5701.761	0.901
5702.261	0.908
5702.761	0.902
5703.261	0.908
5703.761	0.906
5704.261	0.900
5704.761	0.907
5705.261	0.899
5705.761	0.900
5706.261	0.905
5706.761	0.910
5707.261	0.908
5707.761	0.899
5708.261	0.892
5708.761	0.899
5709.261	0.896
5709.761	0.898
5710.261	0.895
5710.761	0.904
5711.261	0.904
5711.761	0.912
5712.261	0.907
5712.761	0.900
5713.261	0.902
5713.761	0.905
5714.261	0.898
5714.761	0.904
5715.261	0.900
5715.761	0.894
5716.261	0.890
5716.761	0.894
5717.261	0.889
5717.761	0.883
5718.261	0.886
5718.761	0.886
5719.261	0.888
5719.761	0.883
5720.261	0.894
5720.761	0.889
5721.261	0.880
5721.761	0.885
5722.261	0.892
5722.761	0.883
5723.261	0.868
5723.761	0.876
5724.261	0.874
5724.761	0.861
5725.261	0.873
5725.761	0.870
5726.261	0.867
5726.761	0.870
5727.261	0.871
5727.761	0.869
5728.261	0.865
5728.761	0.859
5729.261	0.864
5729.762	0.859
5730.261	0.855
5730.761	0.861
5731.261	0.850
5731.761	0.856
5732.261	0.848
5732.761	0.859
5733.261	0.857
5733.761	0.855
5734.261	0.847
5734.761	0.848
5735.261	0.851
5735.761	0.844
5736.261	0.851
5736.761	0.854
5737.261	0.849
5737.761	0.843
5738.261	0.839
5738.761	0.838
5739.261	0.841
5739.761	0.841
5740.261	0.844
5740.761	0.843
5741.261	0.842
5741.761	0.842
5742.261	0.833
5742.761	0.838
5743.261	0.844
5743.761	0.841
5744.261	0.836
5744.761	0.847
5745.261	0.842
5745.761	0.842
5746.261	0.825
5746.761	0.845
5747.261	0.838
5747.761	0.839
5748.261	0.834
5748.761	0.836
5749.261	0.847
5749.761	0.837
5750.261	0.843
5750.761	0.839
5751.261	0.847
5751.761	0.844
5752.261	0.840
5752.761	0.851
5753.261	0.847
5753.761	0.857
5754.261	0.848
5754.761	0.842
5755.261	0.851
5755.761	0.846
5756.261	0.849
5756.761	0.850
5757.261	0.840
5757.761	0.859
5758.261	0.866
5758.761	0.861
5759.261	0.859
5759.761	0.855
5760.261	0.857
5760.761	0.868
5761.261	0.861
5761.761	0.862
5762.261	0.858
5762.761	0.858
5763.261	0.867
5763.761	0.862
5764.261	0.875
5764.761	0.870
5765.261	0.872
5765.761	0.878
5766.261	0.883
5766.761	0.875
5767.261	0.881
5767.761	0.883
5768.261	0.878
5768.761	0.889
5769.261	0.889
5769.761	0.885
5770.261	0.883
5770.761	0.893
5771.261	0.886
5771.761	0.886
5772.261	0.887
5772.761	0.892
5773.261	0.894
5773.761	0.890
5774.261	0.904
5774.761	0.893
5775.261	0.892
5775.761	0.897
5776.261	0.905
5776.761	0.902
5777.261	0.905
5777.761	0.891
5778.261	0.906
5778.761	0.911
5779.261	0.907
5779.761	0.909
5780.261	0.914
5780.761	0.898
5781.261	0.909
5781.761	0.916
5782.261	0.914
5782.761	0.911
5783.261	0.918
5783.761	0.917
5784.261	0.919
5784.761	0.913
5785.261	0.919
5785.761	0.913
5786.261	0.913
5786.761	0.922
5787.261	0.920
5787.761	0.922
5788.261	0.917
5788.761	0.910
5789.261	0.918
5789.761	0.915
5790.261	0.914
5790.761	0.921
5791.261	0.909
5791.761	0.906
5792.261	0.908
5792.761	0.905
5793.261	0.911
5793.761	0.904
5794.261	0.914
5794.761	0.913
5795.261	0.908
5795.761	0.913
5796.261	0.906
5796.761	0.916
5797.261	0.902
5797.761	0.899
5798.261	0.912
5798.761	0.899
5799.261	0.902
5799.761	0.911
5800.261	0.940
5800.761	1.095
5801.261	1.228
5801.761	1.356
5802.261	1.494
5802.761	1.596
5803.261	1.882
5803.761	1.963
5804.261	2.121
5804.761	2.521
5805.261	2.406
5806.261	3.130
5806.761	3.260
5807.261	3.348
5807.761	3.513
5808.261	3.738
5808.761	3.841
5809.261	4.001
5809.761	4.043
5810.261	4.288
5810.761	4.576
5811.261	4.718
5811.761	5.059
5812.261	5.205
5812.761	5.258
5813.261	5.782
5813.761	5.824
5814.261	5.923
5814.761	5.972
5815.261	6.354
5815.761	6.515
5816.261	6.947
5816.761	7.098
5817.261	7.243
5817.761	7.377
5818.261	7.719
5818.761	7.946
5819.261	7.973
5819.761	8.307
5820.261	8.328
5820.761	8.491
5821.261	8.756
5821.761	9.088
5822.261	9.214
5822.761	9.606
5823.261	10.059
5823.761	10.275
5824.261	11.307
5824.761	11.299
5825.261	11.569
5825.761	11.820
5826.261	12.895
5826.761	13.221
5827.261	13.365
5827.761	14.033
5828.261	14.058
5828.761	14.303
5829.261	15.084
5829.761	15.401
5830.261	15.461
5830.761	15.620
5831.261	16.062
5831.761	16.341
5832.261	17.037
5832.761	16.918
5833.261	17.049
5833.761	18.703
5834.261	17.968
5834.761	18.641
5835.261	18.949
5835.761	19.117
5836.261	19.247
5836.761	19.681
5837.261	20.169
5837.761	20.012
5838.261	22.912
5838.761	20.854
5839.261	20.903
5839.761	23.561
5840.761	21.923
5841.761	21.626
5842.261	21.884
5842.761	25.240
5843.261	22.048
5844.261	26.158
5844.761	26.601
5846.261	22.871
5847.261	22.900
5847.761	26.934
5848.261	27.340
5848.761	27.579
5849.261	27.485
5849.761	27.819
5850.261	28.005
5850.761	27.535
5851.261	27.731
5851.761	27.386
5852.261	27.662
5852.761	28.338
5853.261	28.650
5853.761	27.916
5854.261	28.165
5854.761	28.750
5855.261	29.052
5855.761	28.465
5856.261	29.123
5856.761	29.027
5857.261	29.421
5857.761	29.091
5858.261	29.571
5858.761	29.526
5859.261	29.594
5859.761	29.360
5860.261	29.731
5860.761	29.599
5861.261	29.772
5861.761	30.082
5862.261	30.490
5862.761	29.886
5863.261	30.091
5863.761	30.516
5864.261	30.119
5864.761	30.497
5865.261	30.076
5865.761	30.542
5866.261	30.397
5866.761	30.672
5867.261	30.715
5867.761	30.347
5868.261	30.581
5868.761	30.135
5869.261	30.108
5869.761	30.516
5870.261	30.411
5870.761	30.157
5871.261	30.207
5871.761	30.283
5872.261	30.957
5872.761	30.249
5873.261	30.269
5873.761	30.042
5874.261	29.528
5874.761	30.463
5875.261	30.363
5875.761	30.757
5876.261	30.630
5876.761	29.969
5877.261	29.971
5877.761	29.767
5878.261	29.982
5878.761	29.433
5879.261	29.400
5879.761	29.287
5880.261	29.461
5880.761	29.490
5881.261	29.265
5881.761	28.589
5882.261	28.378
5882.761	28.799
5883.261	28.884
5883.761	28.359
5884.261	28.203
5884.761	28.756
5885.261	28.148
5885.761	28.168
5886.261	27.882
5886.761	27.954
5887.261	28.024
5887.761	27.549
5888.261	23.182
5888.761	23.027
5889.261	23.060
5889.761	27.211
5890.261	23.077
5890.761	26.639
5891.261	22.429
5892.261	22.983
5892.761	25.445
5893.761	22.138
5894.261	25.350
5895.261	22.021
5895.761	21.814
5896.261	21.120
5896.761	24.097
5897.261	24.256
5898.261	20.780
5899.261	20.344
5899.761	20.436
5900.261	20.145
5900.761	19.799
5901.261	21.118
5901.761	18.874
5902.261	18.522
5902.761	18.607
5903.261	17.931
5903.761	17.928
5904.261	17.616
5904.761	17.044
5905.261	16.936
5905.761	16.687
5906.261	16.318
5906.761	16.157
5907.261	15.518
5907.761	14.962
5908.261	14.861
5908.761	14.375
5909.261	14.092
5909.761	13.576
5910.261	13.189
5910.761	13.231
5911.261	12.581
5911.761	11.711
5912.261	11.638
5912.761	11.229
5913.261	11.026
5913.761	10.682
5914.261	10.620
5914.761	9.938
5915.261	9.555
5915.761	8.865
5916.261	8.621
5916.761	8.492
5917.261	8.103
5917.761	7.768
5918.261	7.601
5918.761	7.220
5919.261	7.266
5919.761	6.885
5920.261	6.822
5920.761	6.505
5921.261	6.360
5921.761	6.190
5922.261	6.091
5922.761	5.785
5923.261	5.652
5923.761	5.419
5924.261	5.411
5924.761	5.148
5925.261	4.741
5925.761	4.669
5926.261	4.524
5926.761	4.457
5927.261	4.243
5927.761	3.935
5928.261	3.887
5928.761	3.774
5929.261	3.525
5929.761	3.428
5930.261	3.284
5930.761	3.029
5931.261	2.869
5931.761	2.389
5932.261	2.338
5932.761	2.297
5933.261	1.968
5934.261	1.899
5934.761	1.780
5935.261	1.655
5935.761	1.539
5936.261	1.421
5936.761	1.312
5937.261	1.194
5937.761	1.084
5938.261	0.879
5938.761	0.823
5939.261	0.780
5939.761	0.768
5940.261	0.762
5940.761	0.745
5941.261	0.746
5941.761	0.745
5942.261	0.745
5942.761	0.746
5943.261	0.745
5943.761	0.741
5944.261	0.737
5944.761	0.741
5945.261	0.736
5945.761	0.743
5946.261	0.745
5946.761	0.746
5947.261	0.741
5947.761	0.746
5948.261	0.745
5948.761	0.750
5949.261	0.755
5949.761	0.750
5950.261	0.750
5950.761	0.747
5951.261	0.752
5951.761	0.754
5952.261	0.749
5952.761	0.763
5953.261	0.755
5953.761	0.761
5954.261	0.758
5954.761	0.767
5955.261	0.762
5955.761	0.765
5956.261	0.767
5956.761	0.770
5957.261	0.767
5957.761	0.765
5958.261	0.769
5958.761	0.772
5959.261	0.771
5959.761	0.768
5960.261	0.775
5960.761	0.778
5961.261	0.776
5961.761	0.778
5962.261	0.779
5962.761	0.779
5963.261	0.775
5963.761	0.787
5964.261	0.785
5964.761	0.784
5965.261	0.788
5965.761	0.787
5966.261	0.783
5966.761	0.788
5967.261	0.789
5967.761	0.787
5968.261	0.786
5968.761	0.791
5969.261	0.790
5969.761	0.792
5970.261	0.790
5970.761	0.793
5971.261	0.788
5971.761	0.794
5972.261	0.789
5972.761	0.789
5973.261	0.797
5973.761	0.794
5974.261	0.793
5974.761	0.794
5975.261	0.793
5975.761	0.795
5976.261	0.798
5976.761	0.794
5977.261	0.790
5977.761	0.796
5978.261	0.796
5978.761	0.800
5979.261	0.802
5979.761	0.804
5980.261	0.795
5980.761	0.802
5981.261	0.802
5981.761	0.803
5982.261	0.801
5982.761	0.801
5983.261	0.801
5983.761	0.805
5984.261	0.803
5984.761	0.812
5985.261	0.806
5985.761	0.807
5986.261	0.807
5986.761	0.806
5987.261	0.810
5987.761	0.806
5988.261	0.808
5988.761	0.809
5989.261	0.806
5989.761	0.809
5990.261	0.806
5990.761	0.813
5991.261	0.799
5991.761	0.807
5992.261	0.802
5992.761	0.800
5993.261	0.802
5993.761	0.800
5994.261	0.806
5994.761	0.801
5995.261	0.798
5995.761	0.798
5996.261	0.794
5996.761	0.799
5997.261	0.794
5997.761	0.797
5998.261	0.792
5998.761	0.786
5999.261	0.796
5999.761	0.787
6000.261	0.786
6000.761	0.788
6001.261	0.786
6001.761	0.783
6002.261	0.784
6002.761	0.777
6003.261	0.774
6003.761	0.777
6004.261	0.774
6004.761	0.777
6005.261	0.773
