3600.350	0.167
3625.350	0.257
3650.350	6.906
3675.350	12.680
3700.350	13.592
3725.350	13.291
3750.350	13.517
3775.350	13.832
3800.350	13.508
3825.350	6.165
3850.350	0.240
3875.350	0.239
3900.350	0.267
3925.350	0.290
3950.350	0.332
3975.350	0.365
4000.350	0.364
4025.350	1.509
4050.350	7.495
4075.350	12.185
4100.350	13.493
4125.350	13.542
4150.350	13.624
4175.350	14.194
4200.350	13.225
4225.350	8.279
4250.350	2.893
4275.350	1.729
4300.350	1.797
4325.350	11.337
4350.350	23.871
4375.350	26.805
4400.350	31.908
4425.350	32.193
4450.350	31.770
4475.350	32.439
4500.350	31.794
4525.350	28.284
4550.350	0.591
4575.350	0.552
4600.350	0.534
4625.350	0.526
4650.350	0.544
4675.350	0.612
4700.350	0.565
4725.350	0.418
4750.350	0.329
4775.350	0.302
4800.350	0.279
4825.350	0.245
4850.350	0.233
4875.350	0.222
4900.350	0.216
4925.350	0.345
4950.350	0.506
4975.350	0.543
5000.350	0.530
5025.350	0.532
5050.350	0.537
5075.350	0.525
5100.350	0.412
5125.350	0.213
5150.350	0.218
5175.350	0.225
5200.350	0.229
5225.350	0.236
5250.350	0.240
5275.350	0.262
5300.350	0.353
5325.350	0.281
5350.350	0.242
5375.350	0.926
5450.350	2.919
5475.350	25.558
5500.350	25.977
5550.350	23.479
5600.350	23.680
5625.350	21.517
5650.350	11.023
5675.350	0.324
5700.350	0.310
5725.350	0.298
5750.350	0.748
5775.350	2.151
5800.350	2.829
5825.350	7.356
5850.350	7.173
5875.350	7.397
5900.350	7.321
5925.350	6.933
5950.350	5.239
5975.350	0.334
6000.350	0.237
6050.350	0.272
6075.350	0.279
6100.350	0.278
6125.350	0.275
6150.350	0.253
6175.350	0.245
6200.350	0.223
6225.350	0.191
