3902.700	1.120
3927.700	1.106
3952.700	1.228
3977.700	1.446
4002.700	1.657
4027.700	1.751
4052.700	1.812
4077.700	20.490
4102.700	27.843
4127.700	42.836
4152.700	42.494
4177.700	38.183
4202.700	27.669
4227.700	7.256
4252.700	7.632
4277.700	8.053
4302.700	7.387
4327.700	6.356
4352.700	5.782
4377.700	5.881
4402.700	44.758
4427.700	57.042
4452.700	61.692
4477.700	61.862
4502.700	48.217
4527.700	29.753
4552.700	2.272
4577.700	2.337
4602.700	2.313
4627.700	2.131
4652.700	1.987
4677.700	2.021
4702.700	1.990
4727.700	1.772
4752.700	1.475
4777.700	1.291
4802.700	1.213
4827.700	1.139
4852.700	1.067
4877.700	1.015
4902.700	0.971
4927.700	0.972
4952.700	1.407
4977.700	2.152
5002.700	2.706
5027.700	3.147
5052.700	1.610
5077.700	1.131
5102.700	0.994
5127.700	1.002
5152.700	1.003
5177.700	0.994
5202.700	1.001
5227.700	1.030
5252.700	1.079
5277.700	1.318
5302.700	1.378
5327.700	1.328
5352.700	1.204
5377.700	1.125
5402.700	1.155
5427.700	1.177
5452.700	1.234
5477.700	1.328
5502.700	33.923
5527.700	48.037
5552.700	56.391
5577.700	56.891
5602.700	43.867
5627.700	27.415
5652.700	1.504
5677.700	1.430
5702.700	1.376
5727.700	1.307
5752.700	1.295
5777.700	1.342
5802.700	8.344
5827.700	20.344
5852.700	34.216
5877.700	35.739
5902.700	32.948
5927.700	8.373
5952.700	1.144
6002.700	1.093
6027.700	1.012
6052.700	0.926
6077.700	0.978
6102.700	1.157
6127.700	1.350
6152.700	1.386
6177.700	1.089
6202.700	0.976
6227.700	0.918
6252.700	0.879
6277.700	0.848
