3902.310	0.758
3907.310	0.750
3912.310	0.743
3917.310	0.729
3922.310	0.721
3927.310	0.707
3932.310	0.720
3937.310	0.757
3942.310	0.786
3947.310	0.823
3952.310	0.867
3957.310	0.910
3962.310	0.993
3967.310	1.027
3972.310	1.071
3977.310	1.085
3982.310	1.109
3987.310	1.128
3992.310	1.135
3997.310	1.151
4002.310	1.146
4007.310	1.168
4012.310	1.163
4017.310	1.111
4022.310	1.100
4027.310	1.085
4032.310	1.047
4037.310	1.028
4042.310	1.004
4047.310	0.989
4052.310	0.979
4057.310	0.967
4062.310	0.975
4067.310	0.965
4072.310	5.987
4077.310	11.184
4082.310	16.671
4087.310	20.407
4092.310	29.194
4097.310	31.658
4102.310	33.632
4107.310	35.211
4112.310	36.316
4117.310	37.068
4122.310	36.798
4127.310	37.466
4132.310	37.537
4137.310	38.228
4142.310	38.057
4147.310	37.758
4152.310	36.515
4157.310	34.055
4162.310	30.358
4167.310	27.878
4172.310	16.993
4177.310	12.079
4182.310	7.132
4187.310	5.388
4192.310	4.887
4197.310	4.489
4202.310	4.062
4207.310	3.621
4212.310	3.212
4217.310	2.932
4222.310	2.974
4227.310	3.218
4232.310	3.475
4237.310	3.764
4242.310	4.064
4247.310	4.635
4252.310	4.912
4257.310	5.160
4262.310	5.293
4267.310	5.304
4272.310	5.111
4277.310	4.980
4282.310	4.759
4287.310	4.612
4292.310	4.416
4297.310	4.258
4302.310	3.913
4307.310	3.814
4312.310	3.663
4317.310	3.506
4322.310	3.405
4327.310	3.179
4332.310	3.101
4337.310	3.062
4342.310	2.986
4347.310	2.969
4352.310	3.120
4357.310	3.178
4362.310	3.271
4367.310	3.338
4372.310	3.433
4377.310	3.474
4382.310	4.188
4387.310	7.771
4392.310	31.984
4397.310	38.028
4402.310	42.839
4407.310	46.833
4412.310	50.129
4417.310	55.254
4422.310	55.715
4427.310	57.244
4432.310	58.172
4437.310	57.975
4442.310	58.014
4447.310	58.041
4452.310	58.091
4457.310	57.627
4462.310	56.995
4467.310	56.629
4472.310	51.425
4477.310	48.430
4482.310	44.016
4487.310	40.166
4492.310	35.596
4497.310	27.326
4502.310	1.452
4507.310	1.397
4512.310	1.385
4517.310	1.319
4522.310	1.309
4527.310	1.265
4532.310	1.258
4537.310	1.251
4542.310	1.264
4547.310	1.291
4552.310	1.293
4557.310	1.350
4562.310	1.393
4567.310	1.391
4572.310	1.422
4577.310	1.478
4582.310	1.501
4587.310	1.536
4592.310	1.519
4597.310	1.520
4602.310	1.503
4607.310	1.487
4612.310	1.452
4617.310	1.415
4622.310	1.375
4627.310	1.307
4632.310	1.287
4637.310	1.213
4642.310	1.179
4647.310	1.150
4652.310	1.150
4657.310	1.133
4662.310	1.153
4667.310	1.234
4672.310	1.264
4677.310	1.287
4682.310	1.295
4687.310	1.297
4692.310	1.273
4697.310	1.254
4702.310	1.226
4707.310	1.178
4712.310	1.127
4717.310	1.014
4722.310	0.964
4727.310	0.930
4732.310	0.890
4737.310	0.865
4742.310	0.843
4747.310	0.836
4752.310	0.825
4757.310	0.827
4762.310	0.824
4767.310	0.826
4772.310	0.827
4777.310	0.830
4782.310	0.824
4787.310	0.824
4792.310	0.817
4797.310	0.827
4802.310	0.811
4807.310	0.803
4812.310	0.793
4817.310	0.782
4822.310	0.770
4827.310	0.739
4832.310	0.724
4837.310	0.721
4842.310	0.710
4847.310	0.697
4852.310	0.696
4857.310	0.688
4862.310	0.689
4867.310	0.682
4872.310	0.677
4877.310	0.679
4882.310	0.672
4887.310	0.672
4892.310	0.666
4897.310	0.668
4902.310	0.661
4907.310	0.662
4912.310	0.663
4917.310	0.665
4922.310	0.665
4927.310	0.668
4932.310	0.664
4937.310	0.670
4942.310	0.677
4947.310	0.688
4952.310	0.813
4957.310	0.973
4962.310	1.334
4967.310	1.472
4972.310	1.636
4977.310	1.814
4982.310	1.933
4987.310	2.182
4992.310	2.210
4997.310	2.180
5002.310	2.186
5007.310	2.155
5012.310	2.193
5017.310	2.182
5022.310	2.085
5027.310	1.932
5032.310	1.742
5037.310	1.551
5042.310	1.227
5047.310	1.081
5052.310	0.938
5057.310	0.805
5062.310	0.696
5067.310	0.665
5072.310	0.665
5077.310	0.673
5082.310	0.672
5087.310	0.679
5092.310	0.682
5097.310	0.687
5102.310	0.690
5107.310	0.692
5112.310	0.691
5117.310	0.704
5122.310	0.705
5127.310	0.705
5132.310	0.703
5137.310	0.704
5142.310	0.701
5147.310	0.703
5152.310	0.699
5157.310	0.697
5162.310	0.696
5167.310	0.698
5172.310	0.694
5177.310	0.685
5182.310	0.688
5187.310	0.687
5192.310	0.689
5197.310	0.688
5202.310	0.704
5207.310	0.711
5212.310	0.717
5217.310	0.717
5222.310	0.735
5227.310	0.751
5232.310	0.768
5237.310	0.771
5242.310	0.786
5247.310	0.794
5252.310	0.816
5257.310	0.858
5262.310	0.867
5267.310	0.886
5272.310	0.908
5277.310	0.927
5282.310	0.945
5287.310	0.963
5292.310	0.957
5297.310	0.948
5302.310	0.938
5307.310	0.909
5312.310	0.868
5317.310	0.861
5322.310	0.842
5327.310	0.815
5332.310	0.793
5337.310	0.765
5342.310	0.757
5347.310	0.759
5352.310	0.747
5357.310	0.739
5362.310	0.746
5367.310	0.749
5372.310	0.759
5377.310	0.768
5382.310	0.775
5387.310	0.776
5392.310	0.788
5397.310	0.785
5402.310	0.786
5407.310	0.783
5412.310	0.777
5417.310	0.783
5422.310	0.800
5427.310	0.785
5432.310	0.803
5437.310	0.808
5442.310	0.822
5447.310	0.827
5452.310	0.832
5457.310	0.828
5462.310	0.845
5467.310	0.862
5472.310	0.889
5477.310	0.911
5482.310	0.941
5487.310	0.984
5492.310	1.765
5497.310	15.526
5502.310	30.135
5507.310	35.434
5512.310	41.772
5517.310	44.382
5522.310	46.892
5527.310	48.681
5532.310	49.882
5537.310	51.230
5542.310	51.463
5547.310	51.009
5552.310	51.455
5557.310	50.775
5562.310	51.579
5567.310	49.791
5572.310	47.490
5577.310	45.097
5582.310	42.836
5587.310	39.994
5592.310	32.207
5597.310	12.439
5602.310	3.359
5607.310	1.098
5617.310	1.074
5622.310	1.048
5627.310	1.018
5632.310	1.007
5637.310	0.994
5642.310	0.986
5647.310	0.989
5652.310	0.983
5657.310	0.991
5662.310	0.999
5667.310	0.982
5672.310	0.981
5677.310	0.963
5682.310	0.961
5687.310	0.943
5692.310	0.943
5697.310	0.941
5702.310	0.929
5707.310	0.933
5712.310	0.907
5717.310	0.906
5722.310	0.900
5727.310	0.882
5732.310	0.868
5737.310	0.853
5742.310	0.862
5747.310	0.855
5752.310	0.878
5757.310	0.886
5762.310	0.896
5767.310	0.908
5772.310	0.917
5777.310	0.925
5782.310	0.948
5787.310	0.935
5792.310	0.941
5797.310	0.941
5802.310	1.544
5807.310	2.508
5812.310	5.368
5817.310	7.160
5822.310	11.581
5827.310	14.822
5832.310	18.032
5837.310	20.374
5842.310	22.250
5847.310	27.549
5852.310	28.681
5857.310	29.340
5862.310	30.764
5867.310	31.152
5872.310	30.717
5877.310	30.142
5882.310	29.806
5887.310	27.511
5892.310	22.412
5897.310	15.262
5907.310	11.320
5912.310	8.335
5917.310	6.419
5922.310	4.854
5927.310	3.313
5932.310	0.942
5937.310	0.761
5942.310	0.764
5947.310	0.769
5952.310	0.780
5957.310	0.779
5962.310	0.793
5967.310	0.802
5972.310	0.806
5977.310	0.808
5982.310	0.816
5987.310	0.821
5992.310	0.818
5997.310	0.800
6002.310	0.788
6007.310	0.779
6012.310	0.756
6017.310	0.749
6022.310	0.726
6027.310	0.719
6032.310	0.703
6037.310	0.675
6042.310	0.667
6047.310	0.660
6052.310	0.648
6057.310	0.642
6062.310	0.642
6067.310	0.666
6072.310	0.691
6077.310	0.724
6082.310	0.765
6087.310	0.801
6092.310	0.880
6097.310	0.913
6102.310	0.940
6107.310	0.966
6112.310	0.983
6117.310	0.992
