Samp. Freq.(Hz)   Sample#   Pulse Length (ms)
10000.000000	10000.000000	100.000000
	
Voltage(V) 
0.164697
0.165019
0.165342
0.166954
0.164697
0.164697
0.165342
0.165342
0.165019
0.164374
0.165019
0.165342
0.164052
0.165342
0.165342
0.166309
0.164697
0.165664
0.165342
0.165342
0.165019
0.164697
0.164697
0.165664
0.164697
0.164374
0.164374
0.165342
0.164697
0.164697
0.165019
0.164052
0.165664
0.164052
0.164374
0.161472
0.164374
0.165019
0.165342
0.164374
0.165987
0.165664
0.164697
0.165019
0.165019
0.164374
0.165019
0.165019
0.164374
0.165019
0.164052
0.165019
0.164374
0.164374
0.163729
0.164374
0.164374
0.165019
0.163729
0.164374
0.164052
0.163407
0.164052
0.164374
0.163729
0.164697
0.164052
0.164374
0.164052
0.164052
0.163729
0.164374
0.164052
0.163729
0.164697
0.163084
0.163407
0.162117
0.163729
0.162762
0.164697
0.164374
0.164374
0.163407
0.164052
0.164697
0.164052
0.160182
0.163729
0.163729
0.164374
0.164052
0.163729
0.164052
0.164052
0.164052
0.163729
0.164374
0.164374
0.164697
0.163729
0.164374
0.164697
0.164697
0.164052
0.164374
0.164697
0.165664
0.164052
0.164052
0.165019
0.164697
0.165019
0.163729
0.164697
0.165019
0.165019
0.164697
0.164697
0.164697
0.165342
0.164697
0.164697
0.164697
0.165987
0.164052
0.164052
0.165664
0.165019
0.164697
0.165019
0.164697
0.165019
0.165664
0.164697
0.164374
0.165019
0.165664
0.164697
0.164374
0.165342
0.165019
0.164374
0.164052
0.165342
0.164697
0.164374
0.165664
0.164697
0.165342
0.164697
0.164052
0.165019
0.165019
0.165342
0.164374
0.163729
0.165342
0.165342
0.163407
0.163729
0.164052
0.165342
0.164374
0.163729
0.164052
0.165664
0.164374
0.165019
0.165664
0.165664
0.164697
0.165664
0.164374
0.165342
0.165987
0.165019
0.165019
0.165664
0.165019
0.165342
0.164697
0.164697
0.166309
0.164697
0.165342
0.165664
0.166632
0.165342
0.165664
0.165342
0.165019
0.162117
0.158247
0.154055
0.149540
0.145348
0.141156
0.136964
0.133739
0.130837
0.126645
0.124065
0.121163
0.117938
0.115358
0.113101
0.111166
0.109876
0.106974
0.105039
0.103427
0.101492
0.100202
0.098912
0.096977
0.096655
0.094397
0.092463
0.093108
0.091173
0.090528
0.089560
0.088915
0.087303
0.087948
0.086013
0.086336
0.085368
0.085046
0.083756
0.083433
0.083756
0.082788
0.081821
0.082466
0.080854
0.081498
0.080531
0.080531
0.080854
0.080209
0.079564
0.078919
0.079241
0.078919
0.078596
0.077951
0.077951
0.078596
0.077951
0.077306
0.077951
0.077951
0.076984
0.077306
0.077306
0.076661
0.077629
0.076339
0.076016
0.077629
0.076984
0.076661
0.076339
0.076339
0.076661
0.076984
0.075371
0.076339
0.076984
0.076661
0.075694
0.076661
0.076661
0.076339
0.075694
0.076016
0.076984
0.075049
0.075694
0.075371
0.075694
0.076016
0.075049
0.075049
0.075694
0.075694
0.076016
0.075371
0.074404
0.075371
0.076016
0.075371
0.075049
0.075049
0.075694
0.075694
0.074727
0.074727
0.076339
0.075371
0.075049
0.075049
0.075049
0.075049
0.075371
0.075049
0.075371
0.075694
0.075049
0.075049
0.075371
0.075371
0.074727
0.074727
0.074404
0.075371
0.075049
0.074404
0.074727
0.075049
0.075049
0.073759
0.074727
0.076016
0.074404
0.075049
0.074727
0.075049
0.076016
0.074727
0.075371
0.075049
0.075694
0.074727
0.075371
0.073759
0.075371
0.075049
0.075371
0.074727
0.075371
0.074727
0.075371
0.074404
0.076016
0.075049
0.074404
0.074404
0.075371
0.075049
0.075371
0.075694
0.075049
0.075049
0.074727
0.075694
0.075049
0.075371
0.075049
0.075371
0.075371
0.075049
0.076016
0.074727
0.075049
0.075694
0.075049
0.074404
0.075049
0.075371
0.075371
0.074404
0.074727
0.075049
0.074727
0.074727
0.075371
0.075371
0.075049
0.074727
0.075371
0.075694
0.076016
0.074727
0.075371
0.075694
0.075694
0.074404
0.075049
0.075049
0.075049
0.075049
0.074727
0.075694
0.075049
0.075049
0.074082
0.074727
0.075371
0.074727
0.074082
0.075049
0.074727
0.075371
0.074404
0.075049
0.075371
0.075049
0.075049
0.075049
0.074727
0.076016
0.073759
0.074404
0.074404
0.075694
0.073759
0.074727
0.075049
0.075049
0.074727
0.073437
0.074727
0.074727
0.074082
0.074082
0.075371
0.075371
0.074727
0.073437
0.074404
0.075371
0.075371
0.073437
0.075049
0.075049
0.075049
0.074404
0.073759
0.074727
0.074727
0.074727
0.073114
0.074404
0.075694
0.075694
0.073759
0.075049
0.075371
0.074727
0.074404
0.074727
0.075049
0.076339
0.074727
0.074404
0.075049
0.075049
0.074727
0.074404
0.075049
0.075694
0.074727
0.074727
0.075371
0.075694
0.074727
0.075694
0.075049
0.076016
0.076016
0.074727
0.074404
0.075371
0.075371
0.075049
0.075049
0.074727
0.075694
0.075049
0.074404
0.075049
0.075371
0.075049
0.074404
0.074404
0.075371
0.074727
0.075049
0.075049
0.074727
0.075371
0.074404
0.073759
0.074727
0.075049
0.074404
0.075371
0.075049
0.075371
0.075049
0.074082
0.074727
0.076016
0.075049
0.074082
0.075049
0.074404
0.074727
0.074404
0.074404
0.075371
0.076016
0.074404
0.074727
0.074404
0.075049
0.074404
0.075049
0.073759
0.075371
0.074727
0.075371
0.073759
0.075694
0.075049
0.074727
0.074404
0.075371
0.074404
0.075049
0.075371
0.075049
0.075371
0.074727
0.074727
0.075694
0.075371
0.074082
0.074727
0.075694
0.075371
0.073759
0.074727
0.075049
0.075371
0.075049
0.075049
0.075371
0.074727
0.075049
0.075371
0.075371
0.075694
0.075371
0.074082
0.075049
0.075371
0.075694
0.074727
0.074727
0.075049
0.076339
0.074082
0.075371
0.075049
0.075694
0.074404
0.075371
0.074727
0.076339
0.075049
0.074727
0.075694
0.075371
0.074404
0.074727
0.075371
0.075371
0.075049
0.074082
0.075049
0.075694
0.075371
0.074727
0.074727
0.074404
0.075049
0.073759
0.074727
0.074727
0.075049
0.075049
0.074082
0.074404
0.075371
0.075371
0.074082
0.075371
0.075049
0.074727
0.074404
0.074404
0.075371
0.075694
0.074727
0.075049
0.075049
0.074404
0.075694
0.074727
0.074404
0.074404
0.075694
0.073759
0.075049
0.074727
0.076016
0.074727
0.074727
0.074727
0.076016
0.075049
0.074404
0.075371
0.075694
0.075049
0.074082
0.074727
0.075049
0.074727
0.074727
0.075694
0.075371
0.076016
0.074727
0.074404
0.075694
0.075371
0.074727
0.074082
0.075049
0.075371
0.075049
0.073759
0.075049
0.075371
0.074404
0.075049
0.075371
0.075049
0.075371
0.075371
0.073759
0.074082
0.075371
0.074082
0.075049
0.074082
0.075694
0.074404
0.074727
0.073759
0.076016
0.075694
0.074404
0.074404
0.075049
0.075049
0.075049
0.074404
0.075049
0.075371
0.073759
0.075371
0.074727
0.074727
0.075049
0.075371
0.074727
0.075371
0.074082
0.073759
0.074727
0.075371
0.075049
0.074082
0.074727
0.074404
0.075049
0.075049
0.075049
0.074404
0.075049
0.075371
0.075049
0.074404
0.075371
0.074727
0.074727
0.075049
0.074727
0.075694
0.075049
0.074727
0.075049
0.074727
0.074404
0.075049
0.074082
0.074727
0.074404
0.075371
0.075049
0.074727
0.074727
0.074727
0.074727
0.075694
0.074082
0.075049
0.075049
0.075694
0.075049
0.075049
0.074404
0.076016
0.075049
0.074404
0.074404
0.075694
0.074404
0.074727
0.075049
0.075371
0.075694
0.075049
0.074727
0.075371
0.076016
0.074404
0.075049
0.075694
0.074727
0.076016
0.073759
0.075371
0.075371
0.074727
0.074404
0.076016
0.074082
0.075694
0.074404
0.075049
0.074727
0.075694
0.073759
0.074727
0.075049
0.075694
0.075049
0.074404
0.075049
0.075694
0.074727
0.074404
0.075694
0.075049
0.075049
0.075049
0.074082
0.074404
0.075049
0.074727
0.074082
0.075371
0.075371
0.074404
0.074082
0.074404
0.075371
0.075694
0.074404
0.075371
0.075049
0.075049
0.073759
0.074404
0.075371
0.074727
0.074727
0.075049
0.074404
0.075694
0.074727
0.074082
0.074404
0.075371
0.075371
0.075049
0.074727
0.075049
0.076016
0.074727
0.074082
0.076016
0.075049
0.073437
0.075371
0.074082
0.075371
0.074404
0.074727
0.074082
0.074727
0.074727
0.075049
0.074404
0.075371
0.075049
0.074404
0.074404
0.075049
0.075371
0.075049
0.073759
0.074082
0.076016
0.075049
0.074404
0.074727
0.076016
0.075371
0.074404
0.074404
0.075371
0.075694
0.075049
0.075049
0.075049
0.075049
0.074727
0.074082
0.074404
0.075694
0.074404
0.074727
0.074404
0.075049
0.075049
0.075371
0.074082
0.075049
0.074082
0.074082
0.074727
0.075371
0.074082
0.075371
0.074727
0.075049
0.075049
0.074404
0.075371
0.074404
0.075049
0.075049
0.075049
0.074727
0.074727
0.074727
0.075371
0.075371
0.075049
0.073759
0.074404
0.075049
0.075371
0.074727
0.074404
0.075049
0.075049
0.075049
0.075371
0.075049
0.074727
0.075694
0.074404
0.074727
0.074404
0.074727
0.074727
0.074404
0.075049
0.075371
0.074082
0.074404
0.075049
0.074727
0.074404
0.075049
0.075371
0.075049
0.074404
0.074404
0.075694
0.074727
0.075049
0.075049
0.075049
0.075049
0.075694
0.074082
0.075694
0.075694
0.075371
0.074404
0.074727
0.075049
0.075371
0.074404
0.074404
0.075049
0.075049
0.074404
0.074404
0.074404
0.075694
0.075694
0.074082
0.075371
0.075371
0.075371
0.075049
0.075049
0.074727
0.075694
0.074404
0.073759
0.074727
0.076339
0.075049
0.074404
0.075049
0.075049
0.076016
0.073759
0.075371
0.076016
0.075371
0.074082
0.075371
0.074404
0.075371
0.074727
0.075049
0.075371
0.075371
0.074727
0.074404
0.075049
0.075049
0.075371
0.074404
0.075049
0.075371
0.075694
0.074404
0.074404
0.074727
0.075371
0.074404
0.074727
0.075049
0.074727
0.074404
0.074404
0.075049
0.075049
0.075049
0.073759
0.075371
0.075049
0.074727
0.073437
0.074727
0.074727
0.075371
0.074082
0.074404
0.075694
0.074727
0.074082
0.074404
0.074082
0.075371
0.075371
0.074082
0.075049
0.075694
0.075049
0.073759
0.074727
0.076016
0.076016
0.073759
0.074404
0.075371
0.075371
0.074404
0.075049
0.075694
0.076339
0.074727
0.074082
0.075694
0.075371
0.074727
0.075049
0.074404
0.075371
0.075694
0.074404
0.075049
0.075694
0.075694
0.075049
0.074404
0.074727
0.075694
0.075049
0.074727
0.075049
0.075049
0.075371
0.074404
0.074404
0.076016
0.076016
0.074404
0.075371
0.074727
0.075049
0.074727
0.075371
0.074404
0.076016
0.075049
0.074727
0.074727
0.074727
0.074404
0.075049
0.075049
0.074727
0.075049
0.075371
0.074727
0.075371
0.074727
0.074727
0.075694
0.074727
0.075371
0.075371
0.074727
0.075694
0.076016
0.075371
0.075049
0.074082
0.076016
0.076016
0.074404
0.074727
0.075049
0.075371
0.075049
0.074727
0.074727
0.075371
0.074404
0.074404
0.074727
0.075371
0.074727
0.074727
0.075049
0.075371
0.074404
0.075694
0.075371
0.075049
0.075371
0.074727
0.074727
0.075049
0.075371
0.074727
0.075371
0.075371
0.076339
0.074727
0.075694
0.074727
0.075694
0.075371
0.075371
0.074404
0.075371
0.075694
0.074727
0.075049
0.075694
0.075049
0.074727
0.075049
0.075371
0.075049
0.075049
0.075371
0.075371
0.075049
0.074727
0.075371
0.075049
0.076016
0.075371
0.074727
0.075694
0.075371
0.075371
0.074404
0.075371
0.075694
0.075049
0.075049
0.074082
0.074404
0.075694
0.074082
0.075049
0.075049
0.075371
0.076016
0.074404
0.075049
0.076016
0.074727
0.074082
0.074404
0.074727
0.074727
0.074727
0.074727
0.075049
0.075049
0.074727
0.075049
0.075694
0.074727
0.075049
0.074082
0.075049
0.074727
0.075371
0.074404
0.075049
0.074727
0.075049
0.075049
0.075049
0.074727
0.075049
0.075049
0.075371
0.074404
0.075371
0.075694
0.078274
0.075694
0.075049
0.074727
0.075049
0.075049
0.076016
0.080531
0.086336
0.090528
0.095687
0.102137
0.103427
0.107619
0.110844
0.114391
0.118261
0.120195
0.123743
0.126000
0.127290
0.131159
0.132449
0.134062
0.136964
0.138254
0.138254
0.142446
0.142446
0.144058
0.145026
0.146638
0.145348
0.149218
0.149218
0.149540
0.151153
0.151475
0.151798
0.153410
0.154055
0.154378
0.154700
0.157280
0.156312
0.156312
0.156635
0.157280
0.157602
0.158247
0.158892
0.158247
0.157925
0.159215
0.158892
0.158892
0.158570
0.159860
0.160505
0.159537
0.159215
0.160827
0.159860
0.160827
0.160182
0.160182
0.161150
0.161150
0.160827
0.161794
0.161150
0.161150
0.160182
0.161150
0.161150
0.161794
0.160505
0.161150
0.161794
0.161472
0.160827
0.161150
0.161472
0.161794
0.162762
0.161150
0.160827
0.161472
0.162439
0.161472
0.161150
0.162117
0.161472
0.161472
0.161150
0.161150
0.161472
0.161472
0.161150
0.161472
0.161472
0.161794
0.161472
0.161472
0.160827
0.162439
0.161794
0.161150
0.162117
0.162117
0.161472
0.162117
0.161794
0.160827
0.162762
0.160505
0.161150
0.160505
0.161472
0.161794
0.160182
0.160505
0.161794
0.160827
0.160505
0.161150
0.161150
0.160182
0.160827
0.160827
0.163729
0.160505
0.160505
0.160182
0.161472
0.161472
0.160182
0.161472
0.160827
0.160827
0.160182
0.160505
0.160182
0.161472
0.161150
0.160827
0.160827
0.161150
0.161794
0.160505
0.160827
0.163407
0.161472
0.159537
0.161150
0.160505
0.161150
0.160182
0.161472
0.160182
0.160827
0.160827
0.161472
0.160505
0.162439
0.161150
0.160505
0.160827
0.160505
0.160827
0.160827
0.161150
0.160505
0.161794
0.160827
0.160505
0.161150
0.162117
0.160505
0.161794
0.160505
0.161472
0.160505
0.160505
0.161150
0.161794
0.162117
0.160827
0.160182
0.161150
0.160827
0.160827
0.159860
0.161150
0.160827
0.160827
0.159860
0.160827
0.160182
0.160505
0.160182
0.160505
0.160182
0.161472
0.159537
0.159537
0.160182
0.161794
0.159537
0.160505
0.159860
0.160827
0.160182
0.160182
0.159215
0.161472
0.163407
0.159860
0.160827
0.160182
0.160827
0.160182
0.159860
0.159860
0.160827
0.158892
0.155990
0.160505
0.160182
0.160827
0.160505
0.160182
0.161472
0.160827
0.160182
0.160505
0.160505
0.160827
0.159860
0.161472
0.161472
0.160827
0.160505
0.161150
0.160505
0.161794
0.161150
0.161150
0.161150
0.162117
0.161150
0.161150
0.161472
0.162117
0.161794
0.160505
0.161150
0.162117
0.161150
0.161472
0.162117
0.161150
0.161794
0.162439
0.160505
0.161150
0.162439
0.161794
0.161794
0.161794
0.162117
0.161472
0.161472
0.162117
0.162439
0.162439
0.161150
0.161794
0.161794
0.162762
0.162762
0.161472
0.161472
0.163084
0.161472
0.162117
0.162439
0.161472
0.162439
0.161150
0.161472
0.166632
0.162439
0.161794
0.162117
0.161150
0.162117
0.162117
0.161150
0.161794
0.162117
0.158247
0.160827
0.161794
0.162117
0.162117
0.161150
0.161794
0.161794
0.162117
0.162117
0.161794
0.163729
0.163084
0.161472
0.161150
0.161794
0.162439
0.161794
0.162117
0.162117
0.162117
0.162762
0.162439
0.163084
0.162439
0.162439
0.161472
0.162439
0.162117
0.162762
0.162117
0.162117
0.163084
0.162439
0.162762
0.161794
0.162439
0.162439
0.162117
0.162117
0.162439
0.162762
0.162439
0.161472
0.162117
0.162762
0.162762
0.162762
0.162439
0.162439
0.162117
0.163407
0.163084
0.162117
0.162762
0.163729
0.161472
0.163084
0.162439
0.162762
0.162117
0.162117
0.162439
0.162117
0.161472
0.165342
0.161794
0.162439
0.161794
0.161794
0.161794
0.161794
0.161794
0.161472
0.161472
0.161472
0.162439
0.161794
0.162117
0.161150
0.162439
0.161794
0.160505
0.161794
0.162439
0.161150
0.162762
0.161472
0.161794
0.161472
0.160827
0.160827
0.162117
0.161472
0.160827
0.162439
0.161472
0.162117
0.162439
0.162117
0.162439
0.162117
0.161794
0.161794
0.162117
0.161794
0.162117
0.162439
0.162117
0.162117
0.162439
0.161794
0.162439
0.162117
0.162762
0.161794
0.162117
0.162439
0.162439
0.162117
0.161794
0.161794
0.162439
0.163084
0.162117
0.161794
0.163084
0.162439
0.162439
0.162439
0.161794
0.162762
0.162117
0.162439
0.162762
0.162439
0.162439
0.163407
0.162439
0.162762
0.163729
0.162117
0.162439
0.163407
0.162762
0.163084
0.163729
0.162762
0.163407
0.162117
0.162762
0.164697
0.163729
0.161794
0.162762
0.161472
0.162762
0.163729
0.162439
0.161794
0.162439
0.166632
0.162762
0.161150
0.162762
0.161472
0.161472
0.163084
0.163084
0.161472
0.163084
0.161472
0.162439
0.161794
0.162439
0.160827
0.162117
0.162439
0.162762
0.162117
0.161150
0.161472
0.163407
0.161150
0.162117
0.163084
0.162762
0.162439
0.163084
0.162762
0.160827
0.162117
0.161472
0.161472
0.161472
0.163084
0.162117
0.162439
0.161794
0.162762
0.162439
0.161150
0.163084
0.162439
0.161794
0.161472
0.161472
0.162439
0.162439
0.161472
0.162439
0.162117
0.163084
0.162439
0.161472
0.158570
0.162439
0.162762
0.161472
0.162117
0.162439
0.161794
0.163084
0.162439
0.162439
0.161472
0.164052
0.162762
0.161794
0.162117
0.161472
0.160827
0.161794
0.162439
0.160827
0.161150
0.156957
0.161794
0.162117
0.161150
0.160827
0.161794
0.162117
0.160505
0.161794
0.162117
0.161150
0.162439
0.160827
0.160505
0.161150
0.160827
0.161150
0.161150
0.161794
0.161472
0.158570
0.161150
0.160182
0.162117
0.159860
0.160827
0.161794
0.161794
0.160182
0.161150
0.160827
0.162117
0.160505
0.161472
0.160827
0.160827
0.161794
0.162439
0.161472
0.161794
0.162117
0.161794
0.161150
0.162117
0.161472
0.160827
0.162439
0.162117
0.162439
0.161150
0.161794
0.162762
0.162439
0.162439
0.162117
0.162117
0.162762
0.162762
0.162762
0.162439
0.162117
0.163407
0.162117
0.161794
0.162439
0.166309
0.162117
0.162117
0.162117
0.162762
0.161794
0.163407
0.162439
0.163407
0.163084
0.159215
0.162439
0.162439
0.162439
0.162439
0.162439
0.163084
0.162439
0.162439
0.162117
0.162762
0.163407
0.161794
0.161794
0.162762
0.162762
0.162762
0.161794
0.162762
0.162439
0.162762
0.162117
0.162439
0.162439
0.162117
0.161794
0.162439
0.161794
0.162439
0.161472
0.160505
0.162117
0.162762
0.161472
0.161150
0.162439
0.162439
0.162439
0.160827
0.161150
0.161794
0.164052
0.161794
0.161472
0.162439
0.163084
0.163084
0.161472
0.162117
0.162762
0.162117
0.161794
0.161794
0.162439
0.162439
0.162439
0.161794
0.162762
0.163084
0.162117
0.161794
0.163084
0.162439
0.162762
0.161472
0.165342
0.162762
0.163084
0.162117
0.161794
0.161472
0.163084
0.162439
0.162117
0.162117
0.161794
0.162762
0.161472
0.162439
0.162762
0.162762
0.162439
0.162117
0.162439
0.162117
0.162117
0.162762
0.161794
0.162439
0.161472
0.161150
0.161794
0.161794
0.161794
0.162117
0.161472
0.162117
0.162117
0.161794
0.161472
0.161794
0.162117
0.161150
0.162117
0.161150
0.161472
0.161472
0.161150
0.161794
0.161794
0.160827
0.162439
0.161472
0.161150
0.161472
0.161150
0.161472
0.161794
0.161150
0.160827
0.162117
0.162117
0.162117
0.162117
0.161150
0.161472
0.162762
0.161794
0.161794
0.163407
0.161794
0.162439
0.161472
0.161794
0.162439
0.162439
0.161794
0.161472
0.161794
0.162439
0.161150
0.161472
0.163407
0.163407
0.161150
0.161794
0.162117
0.162762
0.163084
0.161150
0.163729
0.162117
0.162762
0.161794
0.162439
0.162117
0.164052
0.162117
0.161794
0.162439
0.163729
0.163084
0.162762
0.162439
0.162762
0.162762
0.162439
0.162439
0.162439
0.162762
0.163407
0.162439
0.162762
0.163084
0.162439
0.162117
0.162762
0.162117
0.163407
0.162117
0.162439
0.163407
0.162439
0.163084
0.162762
0.162439
0.163407
0.161794
0.162439
0.163407
0.162439
0.162117
0.163084
0.162439
0.162439
0.161794
0.161794
0.161794
0.161794
0.162762
0.161794
0.162117
0.162439
0.163407
0.165019
0.162117
0.162762
0.163084
0.163084
0.162439
0.161794
0.163407
0.162762
0.162439
0.161794
0.162762
0.163729
0.162117
0.162762
0.162762
0.163729
0.162117
0.163084
0.163407
0.163729
0.163084
0.163407
0.162762
0.163729
0.162117
0.162439
0.162439
0.163084
0.163084
0.161794
0.162762
0.163407
0.163729
0.162762
0.163084
0.163084
0.163407
0.162762
0.163407
0.162762
0.163084
0.162762
0.163084
0.163407
0.162762
0.162439
0.162439
0.162439
0.162762
0.161794
0.161472
0.162439
0.161794
0.161794
0.161794
0.162117
0.162439
0.162762
0.161794
0.161794
0.162117
0.162117
0.161472
0.158570
0.161794
0.162117
0.162117
0.161150
0.161794
0.162439
0.162117
0.160182
0.161794
0.161794
0.164697
0.161150
0.162117
0.161472
0.162117
0.161150
0.160827
0.162117
0.163084
0.161794
0.162117
0.162117
0.162439
0.162439
0.161472
0.162117
0.162762
0.163084
0.161794
0.162117
0.162117
0.163084
0.163084
0.162117
0.163084
0.162439
0.162762
0.162439
0.161794
0.163084
0.164052
0.161150
0.162762
0.163729
0.163729
0.162762
0.162439
0.162439
0.163084
0.162762
0.162439
0.162439
0.163084
0.163084
0.162762
0.163084
0.162762
0.164374
0.162762
0.162762
0.163084
0.163084
0.164052
0.164374
0.162762
0.163407
0.163407
0.163084
0.163084
0.163407
0.162762
0.162439
0.163084
0.163407
0.167921
0.162762
0.163407
0.163407
0.163084
0.163407
0.163084
0.164052
0.163407
0.163084
0.162439
0.162762
0.162439
0.163084
0.162762
0.163407
0.162762
0.163084
0.162762
0.162762
0.162439
0.163084
0.161794
0.162439
0.162439
0.163407
0.162439
0.162762
0.163407
0.163729
0.162117
0.162439
0.162439
0.163084
0.162117
0.162762
0.163084
0.162762
0.162439
0.162439
0.162439
0.163407
0.163729
0.162117
0.162762
0.163084
0.163084
0.163407
0.162439
0.162762
0.163729
0.163729
0.161794
0.162762
0.163407
0.163407
0.163084
0.163084
0.163407
0.164052
0.163084
0.162117
0.162762
0.164052
0.161150
0.161472
0.163084
0.164052
0.163407
0.162762
0.162762
0.162439
0.163084
0.163084
0.162439
0.163407
0.163407
0.162117
0.162762
0.161472
0.162439
0.163084
0.162117
0.162117
0.162762
0.164374
0.162117
0.162762
0.161794
0.163084
0.162762
0.161794
0.161794
0.162439
0.161794
0.161794
0.162117
0.161794
0.162117
0.162439
0.162117
0.161794
0.162439
0.161794
0.162117
0.162117
0.161794
0.161472
0.162439
0.162439
0.162762
0.161472
0.162117
0.162117
0.163084
0.162439
0.161794
0.162439
0.162439
0.162762
0.162117
0.162439
0.162762
0.163407
0.162439
0.162439
0.163084
0.163729
0.162439
0.162117
0.162439
0.163084
0.163084
0.161794
0.162117
0.162762
0.163084
0.162439
0.162439
0.166309
0.163729
0.162762
0.162117
0.163084
0.164374
0.162762
0.162439
0.162762
0.163729
0.158570
0.163084
0.162762
0.163407
0.163729
0.163084
0.163407
0.163084
0.163407
0.162762
0.163084
0.163084
0.165019
0.163084
0.162439
0.163729
0.163729
0.162762
0.164052
0.163084
0.163407
0.163084
0.162439
0.163084
0.163084
0.164052
0.163407
0.162762
0.163407
0.163729
0.162762
0.162762
0.163729
0.163084
0.163407
0.162762
0.163084
0.162762
0.163729
0.162117
0.162762
0.163407
0.163729
0.162439
0.163084
0.162762
0.164052
0.162762
0.161472
0.164052
0.163084
0.163084
0.162762
0.162762
0.163084
0.163084
0.162762
0.162762
0.163084
0.163084
0.163084
0.163084
0.163084
0.163729
0.159860
0.163084
0.163407
0.163729
0.163084
0.163084
0.164052
0.162762
0.163084
0.162117
0.163407
0.164052
0.162762
0.162439
0.163084
0.162762
0.163407
0.163084
0.163084
0.162439
0.164052
0.162762
0.162762
0.163729
0.163407
0.164052
0.163407
0.163084
0.164052
0.163407
0.162762
0.163729
0.163729
0.162762
0.163407
0.162439
0.163084
0.163407
0.162762
0.162439
0.162439
0.162762
0.163407
0.161794
0.163084
0.163407
0.163729
0.162117
0.162439
0.163084
0.163729
0.161794
0.163407
0.163084
0.159537
0.163407
0.162117
0.162117
0.163084
0.162762
0.161794
0.162762
0.162439
0.162762
0.162762
0.164374
0.162762
0.163407
0.162117
0.161794
0.163084
0.163084
0.163084
0.163407
0.162117
0.164697
0.164052
0.162762
0.162762
0.163407
0.163407
0.163729
0.162762
0.162439
0.163084
0.163729
0.161472
0.162762
0.163407
0.163729
0.162117
0.163084
0.163084
0.163729
0.162439
0.162439
0.163729
0.163729
0.163407
0.162762
0.163084
0.163407
0.163729
0.163084
0.162439
0.163729
0.163407
0.163084
0.163084
0.163729
0.163729
0.163407
0.162762
0.163729
0.163407
0.164052
0.162439
0.163407
0.163729
0.164052
0.163084
0.163729
0.163084
0.163729
0.163407
0.162762
0.162762
0.164374
0.163407
0.165342
0.163407
0.163729
0.163729
0.163084
0.162762
0.163407
0.164374
0.162762
0.163084
0.158247
0.163407
0.163084
0.162117
0.162439
0.163407
0.163407
0.162117
0.163084
0.163084
0.163729
0.162762
0.163084
0.163407
0.164052
0.162762
0.162439
0.164052
0.163407
0.162439
0.163407
0.163084
0.164052
0.163729
0.162439
0.163084
0.163729
0.163407
0.162439
0.163084
0.163407
0.163729
0.162762
0.163729
0.164052
0.163407
0.163729
0.163407
0.163407
0.163729
0.163729
0.163407
0.163084
0.163729
0.163407
0.162762
0.163407
0.164052
0.163729
0.164374
0.163084
0.163729
0.164052
0.164052
0.165987
0.163407
0.162762
0.164374
0.162439
0.162439
0.163407
0.164052
0.163407
0.163084
0.161794
0.163729
0.163084
0.162439
0.163084
0.162762
0.163407
0.162439
0.162117
0.163407
0.164052
0.162439
0.162117
0.162762
0.162762
0.163407
0.162762
0.163407
0.163407
0.163407
0.161472
0.162117
0.163407
0.162439
0.162117
0.162762
0.162762
0.162439
0.162762
0.162762
0.163084
0.163407
0.163084
0.163407
0.163407
0.163084
0.164052
0.163407
0.163084
0.164052
0.163729
0.162762
0.163084
0.163729
0.164052
0.162762
0.163084
0.164052
0.163084
0.163729
0.163729
0.163407
0.163729
0.163729
0.158247
0.163729
0.164052
0.164052
0.163407
0.163407
0.164052
0.163729
0.163407
0.163729
0.162762
0.163729
0.163729
0.163084
0.164052
0.164052
0.164697
0.163407
0.163729
0.164052
0.164052
0.164697
0.164052
0.163407
0.165019
0.164052
0.163407
0.164052
0.164052
0.164052
0.163729
0.163729
0.163407
0.164374
0.163407
0.163084
0.164052
0.164697
0.163407
0.164374
0.163084
0.163729
0.164052
0.162439
0.164052
0.164374
0.163407
0.163407
0.164052
0.163407
0.163729
0.163084
0.162762
0.163084
0.164374
0.163084
0.162762
0.163729
0.164052
0.161794
0.163407
0.163407
0.164052
0.163729
0.163729
0.163407
0.163729
0.164374
0.164052
0.163729
0.163407
0.164374
0.162762
0.162439
0.162762
0.164697
0.163729
0.163084
0.163084
0.163729
0.164052
0.163407
0.164052
0.164374
0.164697
0.165987
0.163084
0.163407
0.164052
0.164052
0.163407
0.163729
0.164052
0.164052
0.163084
0.163407
0.164697
0.164052
0.163407
0.163729
0.162439
0.163729
0.164052
0.162762
0.163407
0.163729
0.163407
0.162439
0.163084
0.163407
0.163084
0.162762
0.162439
0.163407
0.162762
0.162117
0.163084
0.162762
0.163084
0.163407
0.162117
0.161794
0.162762
0.163084
0.162439
0.162439
0.163084
0.163729
0.161472
0.161794
0.162439
0.163407
0.162439
0.162439
0.162439
0.162762
0.162117
0.162762
0.162762
0.165019
0.162117
0.162762
0.162439
0.163084
0.162762
0.162762
0.163084
0.162439
0.162762
0.167599
0.162762
0.163407
0.164052
0.162439
0.162762
0.164052
0.163084
0.163729
0.162439
0.163407
0.164052
0.164374
0.163084
0.162762
0.163407
0.164374
0.163407
0.162762
0.163407
0.164052
0.164052
0.163729
0.163084
0.164374
0.164374
0.163407
0.164697
0.164374
0.163407
0.164697
0.163729
0.164697
0.164697
0.163729
0.164697
0.165019
0.164697
0.164374
0.164052
0.164052
0.164697
0.164697
0.161794
0.164374
0.163407
0.164052
0.163084
0.163729
0.164374
0.164052
0.163084
0.163084
0.164374
0.167599
0.164052
0.164052
0.163729
0.163729
0.164697
0.162762
0.163407
0.163729
0.164052
0.158570
0.163407
0.163407
0.164052
0.163084
0.163407
0.163729
0.164052
0.162762
0.163729
0.163729
0.164052
0.164374
0.163407
0.163407
0.162439
0.164052
0.163729
0.163084
0.164374
0.164052
0.163084
0.164052
0.164052
0.164052
0.163729
0.163407
0.163729
0.164052
0.163407
0.162762
0.164052
0.162762
0.164374
0.163084
0.163407
0.163407
0.164374
0.163407
0.163084
0.164697
0.164052
0.163084
0.164052
0.163729
0.163407
0.164374
0.163084
0.163407
0.163084
0.163407
0.163729
0.163084
0.164052
0.167277
0.164052
0.163407
0.163407
0.163407
0.164052
0.163729
0.164052
0.163084
0.163407
0.158570
0.163084
0.163084
0.163729
0.162762
0.162117
0.163084
0.164374
0.162439
0.163084
0.162762
0.163729
0.163407
0.162117
0.163407
0.162762
0.163407
0.163084
0.162762
0.162762
0.163084
0.162439
0.161472
0.163084
0.163407
0.162117
0.162762
0.162762
0.163084
0.162762
0.162117
0.162762
0.163084
0.162439
0.162439
0.163084
0.163729
0.163729
0.162762
0.162439
0.163084
0.163407
0.162762
0.162439
0.163729
0.163084
0.163407
0.162762
0.163729
0.163407
0.163407
0.162439
0.163084
0.162762
0.160182
0.162762
0.163084
0.163407
0.163084
0.163084
0.163729
0.163084
0.164374
0.163729
0.162762
0.163407
0.163407
0.163729
0.163729
0.163729
0.163729
0.163729
0.162762
0.163407
0.164052
0.165664
0.163084
0.163407
0.164052
0.163407
0.164052
0.164374
0.164052
0.164697
0.163729
0.163407
0.163084
0.164052
0.164052
0.163084
0.163407
0.164374
0.164052
0.163407
0.163729
0.163407
0.164374
0.163729
0.163407
0.164052
0.163407
0.163407
0.163729
0.163729
0.164374
0.163407
0.163407
0.163084
0.163729
0.164374
0.163407
0.163407
0.164374
0.164052
0.162117
0.163084
0.164052
0.164052
0.164697
0.164052
0.164052
0.163729
0.164052
0.163729
0.164052
0.164052
0.164697
0.163407
0.163407
0.164052
0.164052
0.163407
0.163407
0.164052
0.164374
0.163729
0.163407
0.163084
0.164052
0.166954
0.163084
0.164697
0.164052
0.165019
0.164052
0.163407
0.164052
0.164697
0.163407
0.164374
0.165019
0.164374
0.163084
0.164052
0.163729
0.164374
0.164052
0.163729
0.164052
0.163729
0.164052
0.163407
0.163084
0.163729
0.163729
0.163084
0.163407
0.163407
0.163084
0.163407
0.163729
0.163084
0.163729
0.163729
0.162762
0.164052
0.163407
0.163084
0.164052
0.164374
0.162439
0.163407
0.159215
0.162762
0.163084
0.162762
0.163084
0.163729
0.163084
0.163729
0.162439
0.163084
0.162439
0.165019
0.162439
0.163407
0.163084
0.164052
0.163084
0.163084
0.163407
0.164374
0.163084
0.164374
0.163407
0.163729
0.163729
0.162762
0.163729
0.164374
0.164052
0.163407
0.163407
0.163729
0.164697
0.164374
0.163084
0.163729
0.163729
0.164052
0.163407
0.163729
0.164052
0.164697
0.163084
0.163084
0.164374
0.164374
0.163084
0.163729
0.163407
0.164052
0.163729
0.162762
0.163407
0.163084
0.163729
0.163729
0.164374
0.163729
0.164697
0.163407
0.163084
0.164052
0.164697
0.161794
0.164697
0.163407
0.164052
0.164052
0.164374
0.163729
0.164052
0.163729
0.163729
0.163084
0.164374
0.166954
0.163407
0.163729
0.164052
0.163407
0.163407
0.163729
0.164374
0.164052
0.162762
0.157925
0.164052
0.163729
0.163084
0.162762
0.163084
0.163084
0.163407
0.162439
0.162439
0.164052
0.164052
0.162117
0.163407
0.163407
0.164697
0.163084
0.163407
0.163407
0.164052
0.163407
0.163729
0.163729
0.164697
0.164697
0.163084
0.163729
0.164374
0.164374
0.164052
0.163729
0.163729
0.164697
0.164374
0.163407
0.163407
0.164052
0.164697
0.163407
0.163729
0.164052
0.164697
0.163407
0.163729
0.164697
0.163729
0.164052
0.164052
0.164052
0.164052
0.164374
0.164052
0.163729
0.163407
0.167599
0.163407
0.164697
0.163729
0.163729
0.163407
0.164052
0.163084
0.163729
0.163407
0.158247
0.163407
0.164052
0.163084
0.162762
0.163407
0.163729
0.162117
0.162439
0.163084
0.163084
0.163729
0.162439
0.162117
0.164052
0.163084
0.162117
0.162439
0.163407
0.163407
0.163084
0.162117
0.163084
0.164052
0.163407
0.162439
0.163084
0.162439
0.163084
0.162439
0.163084
0.163084
0.164697
0.163084
0.163407
0.163407
0.164374
0.163407
0.162439
0.163407
0.164052
0.164052
0.163407
0.163407
0.164052
0.163407
0.163407
0.162762
0.164052
0.164052
0.163729
0.163407
0.163407
0.164374
0.167921
0.163084
0.164052
0.164374
0.163729
0.163729
0.163729
0.164697
0.163729
0.163084
0.159860
0.163407
0.163729
0.164052
0.164374
0.163729
0.164052
0.163729
0.164052
0.164052
0.164697
0.163407
0.165019
0.164697
0.164697
0.163407
0.164052
0.164697
0.165019
0.164697
0.163729
0.164374
0.164052
0.164697
0.164374
0.164374
0.164052
0.165342
0.163084
0.163407
0.164374
0.164052
0.163729
0.163084
0.164374
0.164052
0.164052
0.163407
0.163729
0.165019
0.164697
0.163729
0.163407
0.163084
0.163729
0.162762
0.163084
0.163084
0.163729
0.162762
0.164374
0.163084
0.164052
0.163084
0.165987
0.164052
0.164052
0.164052
0.163407
0.164052
0.164052
0.164052
0.163729
0.163729
0.164052
0.165019
0.164052
0.164697
0.165019
0.164374
0.163729
0.163729
0.164374
0.165342
0.164052
0.163407
0.164697
0.164374
0.164374
0.163407
0.164374
0.165019
0.164697
0.164052
0.164374
0.164374
0.164697
0.163729
0.163729
0.164697
0.165019
0.164697
0.164052
0.164697
0.165019
0.165019
0.163729
0.164697
0.164697
0.165664
0.164052
0.164374
0.164052
0.164697
0.163407
0.163729
0.163407
0.164374
0.164052
0.163407
0.163407
0.164052
0.163084
0.164052
0.163729
0.163084
0.163407
0.164697
0.166309
0.163407
0.164052
0.163407
0.163729
0.162762
0.163407
0.164052
0.162762
0.162439
0.165342
0.163407
0.162762
0.164374
0.162762
0.164374
0.163407
0.163407
0.163407
0.164374
0.164052
0.163084
0.163407
0.162762
0.164052
0.163407
0.163729
0.163407
0.163084
0.162762
0.164374
0.163729
0.164052
0.163729
0.163729
0.164052
0.164697
0.163407
0.164052
0.164697
0.163729
0.163729
0.163729
0.163729
0.165019
0.164697
0.163084
0.164052
0.165342
0.165019
0.163729
0.164697
0.164697
0.165019
0.164052
0.164374
0.164697
0.165664
0.164697
0.164697
0.164374
0.165019
0.165664
0.164052
0.166954
0.165987
0.165019
0.164052
0.164374
0.165019
0.165664
0.163729
0.164374
0.164374
0.161794
0.164052
0.164697
0.163729
0.165019
0.164697
0.163729
0.164374
0.165019
0.164052
0.164697
0.164052
0.164052
0.164697
0.163729
0.164052
0.164697
0.164052
0.164052
0.163729
0.164374
0.163729
0.164052
0.163407
0.164374
0.163729
0.164374
0.164374
0.163729
0.164374
0.164697
0.164052
0.164374
0.164697
0.164697
0.163729
0.164052
0.165019
0.165664
0.163729
0.164052
0.165019
0.164374
0.160182
0.164697
0.164052
0.164697
0.165342
0.163729
0.164052
0.164697
0.164697
0.163407
0.163407
0.165019
0.165019
0.163729
0.164697
0.164697
0.165019
0.165019
0.164374
0.163729
0.165019
0.167921
0.164374
0.163729
0.165019
0.165019
0.164374
0.164374
0.164052
0.165019
0.165019
0.164052
0.164052
0.164697
0.164374
0.163407
0.163729
0.163407
0.164374
0.163407
0.163729
0.163084
0.163729
0.163407
0.163407
0.163084
0.164052
0.163407
0.163407
0.163407
0.164052
0.164052
0.163084
0.163407
0.163407
0.164374
0.162762
0.162762
0.162439
0.164052
0.163084
0.162762
0.162762
0.163729
0.161472
0.162762
0.164052
0.163084
0.163729
0.163407
0.164052
0.163084
0.164052
0.162762
0.159537
0.163084
0.164697
0.163084
0.163407
0.164052
0.165019
0.162117
0.163729
0.164374
0.164052
0.163729
0.164697
0.163729
0.164374
0.163729
0.163407
0.164374
0.164374
0.164052
0.163084
0.164052
0.164052
0.164697
0.164052
0.163084
0.164374
0.165019
0.163729
0.163084
0.165342
0.165664
0.164374
0.163729
0.164052
0.164697
0.165019
0.164697
0.164697
0.164697
0.165664
0.164052
0.164052
0.164697
0.164697
0.165019
0.163407
0.163729
0.163729
0.164697
0.163729
0.164374
0.163729
0.164697
0.160182
0.163729
0.164697
0.165019
0.163729
0.164052
0.164697
0.164374
0.164697
0.164374
0.163407
0.164052
0.164052
0.163729
0.164052
0.163407
0.164052
0.163729
0.164374
0.163407
0.164374
0.164697
0.163407
0.164052
0.164052
0.164374
0.163729
0.164697
0.164374
0.164374
0.163407
0.164374
0.163729
0.164697
0.163084
0.164374
0.164697
0.164374
0.163729
0.164697
0.164052
0.164374
0.164697
0.163729
0.164374
0.164374
0.164052
0.163729
0.164052
0.164052
0.164697
0.164052
0.164052
0.165019
0.165019
0.164697
0.163084
0.164697
0.164052
0.163729
0.164052
0.164697
0.164374
0.164697
0.167921
0.164374
0.165019
0.164374
0.163407
0.164374
0.164052
0.164052
0.164052
0.162439
0.160505
0.164052
0.163729
0.163407
0.163407
0.164052
0.164697
0.162439
0.162762
0.163729
0.164052
0.164374
0.163407
0.163729
0.164052
0.163084
0.162762
0.163729
0.163729
0.163084
0.163729
0.163084
0.162762
0.163084
0.163407
0.163084
0.162762
0.163084
0.163407
0.162439
0.163084
0.163084
0.163084
0.163407
0.164374
0.163729
0.163084
0.163729
0.163729
0.163729
0.163084
0.162117
0.163407
0.163407
0.163729
0.163729
0.163729
0.164052
0.165664
0.163407
0.163729
0.164374
0.164052
0.163729
0.166954
0.163407
0.164052
0.163729
0.163407
0.163407
0.164697
0.164052
0.164697
0.163407
0.160505
0.164697
0.164374
0.164374
0.164374
0.164697
0.165019
0.164374
0.164697
0.164374
0.164052
0.164374
0.164374
0.163407
0.165987
0.164052
0.165019
0.164374
0.165019
0.164374
0.165342
0.165019
0.164374
0.164374
0.164374
0.165019
0.165342
0.164374
0.163407
0.165019
0.165019
0.164697
0.164697
0.164374
0.165342
0.164697
0.164052
0.165019
0.165019
0.164374
0.164374
0.164374
0.164374
0.164052
0.163407
0.163729
0.163729
0.165342
0.164374
0.163084
0.164697
0.165342
0.164052
0.163729
0.164374
0.164697
0.164697
0.163729
0.164052
0.165019
0.165342
0.163729
0.164052
0.164697
0.167921
0.164697
0.164052
0.165019
0.165019
0.165342
0.164374
0.164374
0.164697
0.165987
0.163729
0.164697
0.165019
0.165019
0.164374
0.165342
0.164052
0.165342
0.164697
0.164374
0.165019
0.164697
0.164697
0.164697
0.164697
0.164374
0.164374
0.164697
0.164697
0.164052
0.165019
0.164374
0.163729
0.164374
0.165019
0.163729
0.164697
0.165342
0.164052
0.164374
0.163729
0.164052
0.164697
0.164697
0.163407
0.164374
0.163729
0.163084
0.163729
0.163084
0.162762
0.164374
0.162439
0.162439
0.163407
0.164374
0.162762
0.163084
0.162762
0.164374
0.162117
0.162762
0.163084
0.163407
0.163729
0.162439
0.163084
0.163407
0.163729
0.162762
0.163407
0.163407
0.164052
0.163407
0.163084
0.163729
0.164374
0.162762
0.163084
0.163407
0.164052
0.165342
0.163407
0.163407
0.164052
0.164052
0.163729
0.163729
0.163407
0.164697
0.163729
0.163407
0.164374
0.165019
0.164052
0.163729
0.164052
0.164374
0.164697
0.164052
0.163729
0.164374
0.164374
0.164052
0.164052
0.164374
0.165019
0.166632
0.164374
0.164697
0.164052
0.164697
0.164374
0.164697
0.165019
0.164374
0.164052
0.160505
0.164374
0.164374
0.164374
0.164052
0.164052
0.165019
0.163729
0.164374
0.164374
0.165019
0.164052
0.164052
0.165342
0.165342
0.164052
0.163407
0.164697
0.164374
0.164697
0.163729
0.165019
0.164697
0.165342
0.163084
0.164374
0.164374
0.165342
0.164374
0.164374
0.163729
0.164697
0.165342
0.164052
0.164697
0.164697
0.165342
0.164052
0.164052
0.165019
0.165019
0.164697
0.165019
0.164374
0.165342
0.164697
0.163729
0.164697
0.165019
0.165019
0.164052
0.164374
0.165019
0.165019
0.166309
0.164374
0.164374
0.165342
0.165019
0.164374
0.164374
0.165342
0.164697
0.164052
0.166309
0.165019
0.165342
0.164052
0.164697
0.164697
0.165342
0.164052
0.164697
0.164697
0.165342
0.164697
0.164697
0.164697
0.165019
0.164374
0.164697
0.163407
0.164052
0.164374
0.163407
0.163729
0.165019
0.163729
0.163407
0.163407
0.164374
0.165342
0.164374
0.163084
0.164052
0.164697
0.163407
0.162762
0.164374
0.163729
0.164052
0.163084
0.165019
0.163729
0.164697
0.162439
0.163729
0.162762
0.164052
0.162762
0.163407
0.163084
0.164697
0.164052
0.162439
0.163407
0.163729
0.163407
0.163084
0.163407
0.164374
0.164697
0.163407
0.163084
0.164052
0.164052
0.164052
0.163729
0.166309
0.164374
0.164374
0.163729
0.163729
0.163729
0.164052
0.164052
0.163407
0.163729
0.165019
0.164052
0.163729
0.165019
0.164374
0.165019
0.164697
0.164374
0.164697
0.164052
0.164052
0.164374
0.164052
0.165019
0.164052
0.164052
0.164697
0.164697
0.163407
0.164052
0.165342
0.164052
0.164697
0.164052
0.163729
0.164374
0.165342
0.163729
0.165019
0.164697
0.164052
0.164697
0.163729
0.159537
0.165342
0.164052
0.163407
0.164697
0.164697
0.164374
0.163729
0.164697
0.164374
0.160182
0.163084
0.165019
0.163729
0.164697
0.164374
0.164374
0.165019
0.165019
0.164374
0.164374
0.164374
0.164697
0.164374
0.163729
0.164052
0.165019
0.163729
0.163729
0.163407
0.163729
0.164697
0.163407
0.164052
0.165342
0.164697
0.164374
0.163407
0.163407
0.165019
0.165019
0.163729
0.165019
0.165019
0.165019
0.164374
0.164374
0.164374
0.165019
0.164052
0.164052
0.164052
0.165019
0.164374
0.164697
0.164052
0.164697
0.164697
0.164697
0.164052
0.165664
0.165019
0.164052
0.163729
0.168889
0.165019
0.164052
0.164052
0.164374
0.164374
0.164374
0.164374
0.165342
0.164697
0.163729
0.164374
0.164374
0.164052
0.163729
0.163729
0.164697
0.164697
0.164052
0.163407
0.164374
0.163729
0.164374
0.163729
0.164052
0.164374
0.164374
0.163407
0.163407
0.164052
0.163407
0.163729
0.163084
0.163407
0.162762
0.164052
0.162117
0.162439
0.163084
0.164697
0.162117
0.162117
0.163084
0.163729
0.163407
0.162762
0.162762
0.163729
0.162762
0.162439
0.164052
0.163729
0.164374
0.162762
0.162762
0.164374
0.163729
0.163407
0.163084
0.163729
0.163407
0.163084
0.164052
0.163407
0.166954
0.163729
0.163407
0.163729
0.164374
0.165019
0.163729
0.164374
0.164374
0.164052
0.165987
0.164052
0.164374
0.164374
0.163729
0.164374
0.165019
0.164052
0.165019
0.164697
0.164697
0.165342
0.164697
0.164374
0.165342
0.165664
0.165664
0.164697
0.164697
0.165342
0.165987
0.164374
0.163729
0.165664
0.165342
0.165342
0.164697
0.165342
0.165019
0.165664
0.163729
0.165019
0.165342
0.165342
0.164374
0.163729
0.165019
0.165019
0.164697
0.164374
0.165342
0.165019
0.164697
0.163407
0.164697
0.165342
0.165019
0.164697
0.163084
0.164697
0.165019
0.163729
0.164052
0.164374
0.167277
0.162762
0.164374
0.163729
0.164697
0.164052
0.164374
0.163729
0.164697
0.164052
0.165664
0.164052
0.164052
0.164697
0.164052
0.164374
0.164374
0.164697
0.164374
0.164697
0.165019
0.164052
0.164374
0.164697
0.165019
0.165019
0.165342
0.164374
0.164697
0.165019
0.164374
0.164374
0.165019
0.164697
0.165019
0.164052
0.165019
0.164697
0.165019
0.164697
0.164697
0.165342
0.165664
0.163407
0.165019
0.165342
0.165342
0.164697
0.164374
0.165664
0.165664
0.164374
0.164052
0.162762
0.165342
0.164697
0.165019
0.164052
0.165019
0.164697
0.163729
0.164374
0.165019
0.163084
0.164374
0.164697
0.163729
0.164052
0.165664
0.163729
0.163729
0.164374
0.164374
0.163084
0.164052
0.164697
0.165019
0.163729
0.164052
0.163407
0.164374
0.163407
0.163084
0.163729
0.164052
0.163729
0.163407
0.163407
0.164374
0.164374
0.163729
0.163729
0.164052
0.164697
0.163729
0.164052
0.163084
0.164697
0.163407
0.163407
0.163729
0.164374
0.164052
0.164052
0.164052
0.164374
0.164374
0.163729
0.164052
0.163729
0.164052
0.164052
0.163729
0.164697
0.163729
0.163084
0.163729
0.159860
0.164697
0.163729
0.163407
0.164052
0.164052
0.163729
0.164052
0.164374
0.164374
0.163729
0.164374
0.164052
0.164697
0.164697
0.164052
0.163729
0.164697
0.165019
0.163729
0.164374
0.164374
0.165019
0.164052
0.164052
0.164052
0.165342
0.164052
0.163407
0.164052
0.164374
0.164374
0.163407
0.164374
0.165342
0.165019
0.164052
0.163729
0.164697
0.165019
0.164374
0.164052
0.164697
0.165019
0.165019
0.163729
0.164052
0.164052
0.164697
0.163407
0.163729
0.163084
0.164697
0.163407
0.164052
0.164052
0.165019
0.164374
0.164374
0.164697
0.164374
0.164374
0.163729
0.164697
0.167921
0.164052
0.164052
0.165342
0.164374
0.164697
0.164374
0.164374
0.165019
0.164697
0.160182
0.165342
0.164697
0.165019
0.163729
0.164052
0.164374
0.165019
0.163729
0.164697
0.164374
0.165342
0.165342
0.163729
0.164697
0.165019
0.165664
0.165342
0.164697
0.165664
0.165664
0.164374
0.165342
0.164374
0.164697
0.166632
0.164697
0.164697
0.164697
0.165664
0.164697
0.164052
0.164052
0.165664
0.164697
0.164374
0.164374
0.165019
0.165019
0.164052
0.164052
0.165019
0.165019
0.163729
0.165019
0.164052
0.164374
0.164697
0.163729
0.164052
0.164374
0.163729
0.164052
0.164374
0.165019
0.164697
0.163407
0.164374
0.164052
0.163729
0.163407
0.164374
0.164052
0.164697
0.165342
0.163729
0.165019
0.164697
0.164697
0.164697
0.165019
0.164374
0.164052
0.164374
0.164052
0.164697
0.163729
0.164052
0.164374
0.164697
0.165019
0.164052
0.164697
0.165019
0.165019
0.164052
0.163729
0.165019
0.164697
0.164374
0.164374
0.165664
0.165342
0.164697
0.164697
0.164374
0.165342
0.164374
0.164374
0.164374
0.165664
0.165664
0.165019
0.164697
0.165019
0.165664
0.165342
0.167277
0.165019
0.165664
0.165342
0.164374
0.165019
0.165664
0.165019
0.164374
0.165342
0.162439
0.165342
0.164374
0.165019
0.164697
0.165664
0.164052
0.165342
0.164374
0.165342
0.164374
0.164374
0.164697
0.165664
0.164697
0.165342
0.165019
0.165342
0.165987
0.164697
0.165019
0.165664
0.164374
0.164052
0.165664
0.164052
0.164374
0.164374
0.165019
0.164697
0.164374
0.164697
0.164697
0.165019
0.165342
0.165342
0.164697
0.165342
0.164697
0.165019
0.164374
0.164697
0.165342
0.165019
0.163729
0.164697
0.165342
0.165019
0.164697
0.165342
0.165342
0.165342
0.164374
0.164052
0.167921
0.165664
0.165019
0.165019
0.164697
0.165342
0.165342
0.164052
0.164697
0.165342
0.164374
0.164374
0.164052
0.164374
0.164697
0.164374
0.164697
0.165342
0.164697
0.165019
0.163729
0.165342
0.165342
0.164374
0.164052
0.164697
0.165342
0.165342
0.164697
0.163729
0.164697
0.164052
0.163729
0.164052
0.164052
0.164697
0.165019
0.162117
0.163407
0.164374
0.164052
0.163084
0.163729
0.164052
0.164697
0.163729
0.163729
0.164052
0.164697
0.163729
0.163084
0.163407
0.164052
0.163084
0.163407
0.163729
0.163084
0.164052
0.163407
0.163407
0.163729
0.165019
0.163407
0.163729
0.166954
0.164374
0.164374
0.163084
0.163729
0.164052
0.164374
0.164374
0.164374
0.164374
0.166954
0.163729
0.164697
0.165019
0.165664
0.164697
0.164374
0.164052
0.164052
0.164374
0.164374
0.165019
0.165019
0.164374
0.164374
0.165019
0.165342
0.165342
0.164374
0.164697
0.164697
0.164697
0.163729
0.164052
0.165019
0.165019
0.164052
0.165342
0.165019
0.164374
0.164374
0.163729
0.165019
0.165342
0.165019
0.164052
0.165019
0.164374
0.165342
0.163729
0.164697
0.165019
0.165664
0.161150
0.165019
0.165342
0.165342
0.165019
0.163729
0.165019
0.165342
0.165342
0.164374
0.163729
0.164697
0.165019
0.164052
0.164052
0.164374
0.164697
0.164697
0.164052
0.163729
0.165664
0.164697
0.163729
0.164052
0.164697
0.164374
0.163407
0.164052
0.165019
0.165664
0.164374
0.164374
0.164374
0.165019
0.165342
0.164052
0.164697
0.165342
0.164374
0.164374
0.164697
0.165342
0.165019
0.164374
0.164374
0.164697
0.164697
0.164052
0.165342
0.165019
0.165019
0.165342
0.164052
0.164697
0.165019
0.164697
0.165019
0.165342
0.165342
0.164697
0.164374
0.165019
0.165019
0.164374
0.168889
0.165019
0.164697
0.165664
0.164374
0.164697
0.165019
0.164697
0.164052
0.164697
0.161794
0.164374
0.164052
0.163084
0.164697
0.164374
0.163407
0.163407
0.163729
0.164052
0.163729
0.162762
0.163729
0.163729
0.164374
0.163084
0.163729
0.163729
0.165342
0.162762
0.163407
0.164052
0.163407
0.163407
0.163084
0.163084
0.164374
0.162762
0.162439
0.163407
0.163407
0.163407
0.162762
0.163407
0.164052
0.164374
0.163407
0.163729
0.163407
0.164374
0.164052
0.163407
0.164052
0.163729
0.163729
0.163729
0.163084
0.164052
0.165019
0.163407
0.164052
0.164697
0.164697
0.163729
0.166632
0.164374
0.165342
0.164374
0.164374
0.164052
0.164374
0.164052
0.164374
0.164374
0.168566
0.165987
0.164374
0.164374
0.165019
0.165342
0.164697
0.165019
0.165342
0.164697
0.164052
0.165019
0.165342
0.165664
0.164052
0.165342
0.165664
0.166309
0.165664
0.165342
0.165342
0.165342
0.165342
0.165019
0.165019
0.165664
0.165664
0.165342
0.165019
0.165664
0.165664
0.165019
0.164052
0.165664
0.165664
0.164697
0.164374
0.164697
0.165019
0.165664
0.163729
0.164697
0.165342
0.165342
0.164052
0.164374
0.164697
0.165019
0.163729
0.164697
0.164052
0.164697
0.164374
0.163407
0.166632
0.164697
0.165019
0.164052
0.164052
