Samp. Freq.(Hz)   Sample#   Pulse Length (ms)
10000.000000	10000.000000	100.000000
	
Voltage(V) 
0.166309
0.165664
0.165664
0.167599
0.165987
0.165987
0.166954
0.166632
0.166309
0.165664
0.165987
0.166954
0.167277
0.165664
0.166632
0.166632
0.166954
0.166632
0.166632
0.166954
0.167599
0.165664
0.166632
0.166954
0.167921
0.167599
0.165987
0.167277
0.167599
0.166632
0.166632
0.166954
0.167921
0.166632
0.166632
0.166632
0.167599
0.167599
0.166309
0.167277
0.167599
0.167599
0.166309
0.164052
0.167921
0.166632
0.167277
0.166954
0.166632
0.167921
0.168244
0.165019
0.167277
0.168244
0.169534
0.166309
0.166632
0.166954
0.167277
0.165987
0.166632
0.166954
0.167277
0.165664
0.165664
0.166954
0.167921
0.166632
0.165987
0.167277
0.167277
0.166632
0.165987
0.165664
0.166954
0.166954
0.165664
0.165664
0.166632
0.166632
0.165987
0.165987
0.167277
0.167599
0.166632
0.166954
0.166954
0.167599
0.166954
0.167599
0.167277
0.167599
0.167921
0.167277
0.167277
0.167599
0.167599
0.166954
0.166632
0.166954
0.168566
0.166954
0.166309
0.167599
0.167599
0.166632
0.166632
0.166954
0.167921
0.166954
0.166632
0.167277
0.166954
0.167277
0.165987
0.166632
0.167599
0.168244
0.168244
0.166632
0.166954
0.167921
0.166954
0.166309
0.166954
0.167599
0.166632
0.165987
0.162762
0.166632
0.166309
0.165342
0.165987
0.166954
0.166954
0.165664
0.165342
0.165987
0.165987
0.165664
0.165342
0.165987
0.166632
0.165987
0.164697
0.165664
0.165664
0.165987
0.165342
0.165664
0.165342
0.165987
0.165342
0.165019
0.165664
0.165987
0.164052
0.165342
0.164052
0.165342
0.164374
0.163729
0.164697
0.165342
0.165019
0.164697
0.164697
0.165664
0.165342
0.165342
0.165664
0.166632
0.165987
0.164697
0.166632
0.165664
0.165987
0.165019
0.165664
0.166309
0.166632
0.165342
0.165664
0.165987
0.166632
0.166954
0.165342
0.166309
0.167599
0.167277
0.166954
0.166632
0.167599
0.167599
0.166632
0.167277
0.167599
0.168566
0.167599
0.168244
0.168566
0.168244
0.166632
0.164052
0.160827
0.155667
0.151475
0.145993
0.141801
0.138576
0.134707
0.130837
0.127935
0.124710
0.121808
0.119228
0.116326
0.113746
0.112778
0.108909
0.107941
0.105362
0.103749
0.101492
0.099879
0.098912
0.098267
0.096332
0.094397
0.092785
0.093108
0.091818
0.089883
0.089238
0.089238
0.088593
0.086658
0.086336
0.085691
0.084723
0.083756
0.083111
0.083756
0.082466
0.082466
0.081498
0.081821
0.081821
0.080531
0.080531
0.080854
0.079564
0.079886
0.079564
0.077629
0.078274
0.078274
0.078919
0.078274
0.078274
0.077306
0.078596
0.077629
0.077629
0.077306
0.077306
0.077951
0.076339
0.076984
0.076339
0.076984
0.076339
0.076984
0.075694
0.076984
0.076016
0.076016
0.075371
0.076661
0.076339
0.076984
0.075371
0.075694
0.075371
0.075694
0.075694
0.075694
0.076339
0.075694
0.075694
0.075371
0.076661
0.075694
0.075049
0.076339
0.075371
0.075694
0.075371
0.075049
0.076339
0.076339
0.074727
0.075694
0.074727
0.075371
0.076016
0.075049
0.075049
0.075371
0.075049
0.075049
0.075694
0.075371
0.075694
0.075049
0.075049
0.076016
0.075371
0.075371
0.074727
0.076016
0.075694
0.074082
0.075049
0.076016
0.075049
0.075371
0.075049
0.075049
0.076339
0.074404
0.074727
0.075371
0.075049
0.075371
0.075049
0.074082
0.075371
0.075371
0.074727
0.075049
0.076016
0.075371
0.075049
0.074404
0.074727
0.075694
0.075371
0.075371
0.074727
0.075371
0.075049
0.074727
0.074727
0.075371
0.075371
0.075371
0.074082
0.074727
0.077306
0.074727
0.074727
0.075049
0.075694
0.075371
0.074727
0.074727
0.076016
0.075049
0.075049
0.075371
0.075694
0.076339
0.075371
0.075049
0.075049
0.075694
0.075049
0.075049
0.075049
0.076339
0.076016
0.075049
0.076016
0.075694
0.076016
0.074404
0.075371
0.076016
0.076661
0.074727
0.074727
0.075694
0.076984
0.074727
0.075371
0.075049
0.076016
0.075371
0.074727
0.075049
0.075371
0.075694
0.075371
0.074727
0.075371
0.076016
0.075371
0.075049
0.075694
0.076016
0.074404
0.074082
0.074404
0.075371
0.074727
0.074727
0.075049
0.075694
0.075049
0.075049
0.075049
0.075694
0.075371
0.074727
0.075049
0.076016
0.076016
0.074727
0.075049
0.075694
0.076016
0.074727
0.075049
0.075049
0.075371
0.075694
0.074727
0.075049
0.076016
0.075371
0.074727
0.075371
0.074727
0.076016
0.075049
0.075049
0.074727
0.076016
0.075049
0.075371
0.075371
0.076016
0.075049
0.074727
0.075371
0.076661
0.075371
0.075371
0.075371
0.075049
0.075049
0.074082
0.076016
0.076339
0.075371
0.074727
0.075371
0.075371
0.075694
0.075049
0.075049
0.076016
0.075694
0.075049
0.074727
0.076016
0.076016
0.075371
0.074727
0.076016
0.075371
0.076016
0.075049
0.076016
0.075371
0.076016
0.075694
0.075694
0.075371
0.076016
0.075371
0.075049
0.074727
0.075371
0.075694
0.075371
0.075371
0.075371
0.076339
0.074727
0.075049
0.075371
0.075371
0.074727
0.074727
0.075049
0.076339
0.074404
0.074082
0.075694
0.075371
0.074082
0.074404
0.074404
0.074404
0.075049
0.075371
0.075371
0.074727
0.075371
0.074404
0.075371
0.075049
0.074727
0.075049
0.076016
0.075371
0.074404
0.075694
0.074727
0.075694
0.075049
0.074727
0.074404
0.074404
0.075049
0.075049
0.073759
0.075371
0.075371
0.075049
0.075371
0.075371
0.075371
0.075049
0.075694
0.074727
0.075371
0.075694
0.074727
0.075371
0.075049
0.074727
0.075694
0.075049
0.075371
0.075049
0.076016
0.075694
0.074727
0.075049
0.075371
0.074727
0.075049
0.076016
0.075049
0.076016
0.075371
0.075371
0.074727
0.076339
0.074727
0.075694
0.075049
0.075371
0.075371
0.075371
0.075371
0.076016
0.075371
0.074727
0.075049
0.074727
0.075371
0.074727
0.074727
0.075371
0.074727
0.075371
0.075371
0.075049
0.075694
0.075694
0.075049
0.075049
0.075694
0.075371
0.075371
0.075371
0.074404
0.075694
0.075371
0.075049
0.075694
0.075694
0.075049
0.075371
0.075049
0.076016
0.075371
0.074727
0.074727
0.074727
0.075371
0.074727
0.075049
0.074727
0.075049
0.074727
0.075049
0.075049
0.075049
0.075049
0.075049
0.074404
0.075694
0.074727
0.074404
0.075049
0.075371
0.074727
0.075049
0.074727
0.075371
0.075371
0.075049
0.073759
0.074727
0.075049
0.075694
0.075371
0.075371
0.076016
0.075371
0.075049
0.075371
0.075371
0.075049
0.074727
0.075694
0.075371
0.075371
0.075049
0.075371
0.075049
0.075694
0.074727
0.075371
0.075049
0.075371
0.075049
0.075371
0.074082
0.076016
0.076339
0.074404
0.074404
0.076016
0.075371
0.075049
0.075049
0.075049
0.075049
0.075049
0.074082
0.075049
0.075694
0.075371
0.075371
0.074727
0.075694
0.074404
0.074727
0.074727
0.075049
0.075694
0.075049
0.074082
0.074404
0.076016
0.074082
0.075049
0.074404
0.075049
0.074727
0.074082
0.074727
0.076016
0.074727
0.074082
0.074404
0.074727
0.075049
0.074727
0.074727
0.074727
0.075049
0.075049
0.074727
0.075049
0.076016
0.074727
0.073759
0.075049
0.076016
0.075049
0.075049
0.075371
0.075049
0.075049
0.074727
0.074404
0.075694
0.076016
0.075049
0.074727
0.075371
0.076016
0.075371
0.074082
0.075371
0.074727
0.076016
0.074404
0.074404
0.075049
0.076661
0.074727
0.074082
0.075371
0.075694
0.075371
0.075694
0.075049
0.076016
0.075694
0.075049
0.075694
0.075694
0.075371
0.075049
0.075049
0.075371
0.076339
0.074727
0.075049
0.076016
0.076016
0.075371
0.074082
0.075049
0.075694
0.075694
0.074727
0.074727
0.075371
0.076016
0.075371
0.074727
0.075049
0.075694
0.074404
0.074727
0.074727
0.075371
0.075049
0.074727
0.074727
0.076016
0.074404
0.074727
0.075049
0.075049
0.075049
0.075049
0.074404
0.075694
0.075049
0.074727
0.074727
0.074404
0.075371
0.075371
0.074727
0.075049
0.075371
0.074082
0.074404
0.075049
0.075049
0.075371
0.074727
0.074404
0.074404
0.076661
0.074082
0.074082
0.074404
0.075049
0.074404
0.074082
0.075371
0.075371
0.075694
0.074727
0.074404
0.075371
0.075049
0.074404
0.073759
0.075371
0.075694
0.074727
0.074727
0.074727
0.076016
0.074727
0.074082
0.075694
0.076016
0.075694
0.075049
0.075049
0.076016
0.076016
0.074082
0.074404
0.075049
0.075371
0.074727
0.074727
0.075694
0.075694
0.074404
0.074727
0.075371
0.076016
0.075371
0.074082
0.075371
0.074404
0.075371
0.074404
0.075049
0.074727
0.076016
0.074404
0.074727
0.075371
0.076661
0.075694
0.074404
0.075049
0.076661
0.074727
0.074727
0.075049
0.075371
0.074727
0.074727
0.074727
0.075694
0.075694
0.074404
0.075049
0.075371
0.074727
0.074727
0.074082
0.074727
0.075049
0.074727
0.074082
0.074727
0.075371
0.076016
0.074404
0.074727
0.074404
0.075049
0.074727
0.074082
0.074727
0.075694
0.074727
0.074082
0.075049
0.075049
0.074727
0.075049
0.074082
0.074727
0.074727
0.074082
0.075049
0.075049
0.075371
0.075049
0.075049
0.074727
0.076016
0.074727
0.074727
0.075049
0.076016
0.075049
0.074727
0.075694
0.076016
0.075371
0.074082
0.075371
0.075371
0.075371
0.075049
0.074727
0.076016
0.075371
0.074727
0.075371
0.075049
0.076016
0.075371
0.074404
0.074727
0.074727
0.074727
0.074727
0.075049
0.075049
0.075049
0.074727
0.075371
0.075049
0.075371
0.073759
0.075049
0.074727
0.074727
0.074727
0.075049
0.074727
0.074727
0.074727
0.075371
0.075049
0.075371
0.075694
0.074404
0.075371
0.075049
0.075371
0.075371
0.074404
0.075371
0.075371
0.075371
0.074727
0.075049
0.074404
0.074404
0.075049
0.075371
0.075371
0.075049
0.075049
0.075371
0.075049
0.074727
0.075371
0.074404
0.074082
0.076016
0.074727
0.074404
0.075049
0.075049
0.075049
0.075371
0.075371
0.074727
0.075049
0.075049
0.075371
0.074727
0.075694
0.074404
0.074404
0.075049
0.074727
0.074727
0.075371
0.074727
0.074404
0.075049
0.074727
0.074727
0.075049
0.074727
0.075371
0.075371
0.073759
0.075694
0.075049
0.075049
0.075371
0.074404
0.075371
0.075371
0.074727
0.074082
0.075049
0.074727
0.075049
0.075049
0.075371
0.075049
0.075049
0.074404
0.076016
0.074404
0.075049
0.075049
0.075694
0.075049
0.074727
0.074727
0.074727
0.075371
0.075049
0.075371
0.074404
0.074727
0.073759
0.074082
0.074727
0.075049
0.075371
0.075049
0.073759
0.074404
0.075694
0.073759
0.074082
0.075049
0.075049
0.074727
0.073759
0.074082
0.075371
0.074727
0.074404
0.074404
0.074404
0.073759
0.074404
0.073437
0.075694
0.075371
0.073759
0.074082
0.075049
0.074727
0.075049
0.074404
0.075371
0.075694
0.074727
0.072792
0.074082
0.076016
0.075049
0.073759
0.075049
0.075371
0.074727
0.074727
0.074404
0.075371
0.075371
0.075049
0.074727
0.075049
0.075694
0.075049
0.074727
0.075371
0.075371
0.075371
0.074082
0.074727
0.076339
0.074404
0.075049
0.075694
0.075371
0.075049
0.075694
0.075049
0.075049
0.074404
0.074404
0.074727
0.074727
0.075049
0.074082
0.074404
0.074727
0.075371
0.074727
0.074404
0.074404
0.075694
0.074727
0.074082
0.073437
0.075371
0.075049
0.074404
0.074404
0.075371
0.074404
0.073759
0.074727
0.075049
0.074727
0.074404
0.074727
0.073759
0.074404
0.073437
0.074082
0.074404
0.075371
0.074404
0.074404
0.075049
0.075694
0.074082
0.073759
0.074404
0.075049
0.075371
0.074404
0.074404
0.074082
0.075371
0.074082
0.074404
0.074404
0.075371
0.074404
0.074404
0.074404
0.076016
0.075049
0.074727
0.074727
0.075049
0.074727
0.074727
0.074082
0.074727
0.075371
0.076339
0.074082
0.074727
0.075049
0.074404
0.073759
0.074727
0.076016
0.075049
0.074404
0.075371
0.075371
0.074727
0.075049
0.078596
0.083756
0.089560
0.093430
0.097622
0.102459
0.107296
0.109876
0.113423
0.116648
0.120518
0.123098
0.125355
0.127290
0.131159
0.133417
0.133739
0.136964
0.139544
0.140834
0.141479
0.142769
0.145026
0.146961
0.147283
0.148251
0.149863
0.151153
0.151153
0.150508
0.152765
0.154378
0.154055
0.154700
0.155345
0.156957
0.156957
0.156635
0.157280
0.157602
0.158892
0.157925
0.158892
0.159215
0.159860
0.159537
0.158892
0.160505
0.161794
0.160505
0.160182
0.160827
0.160827
0.161794
0.159860
0.161150
0.162439
0.161794
0.160505
0.162439
0.161794
0.162117
0.161472
0.161472
0.161794
0.162762
0.161472
0.162117
0.161794
0.162762
0.162117
0.161472
0.161794
0.163084
0.162117
0.162117
0.161794
0.163084
0.162762
0.161472
0.162439
0.162762
0.163084
0.161794
0.162117
0.162117
0.162117
0.162439
0.162439
0.162117
0.162762
0.162439
0.161472
0.162117
0.162762
0.162439
0.161150
0.161150
0.163084
0.162439
0.161472
0.161472
0.162117
0.162439
0.160827
0.161472
0.162117
0.161794
0.162117
0.161472
0.161472
0.161150
0.161472
0.161150
0.161150
0.161472
0.161794
0.160827
0.160505
0.161150
0.162117
0.161150
0.161472
0.161472
0.160827
0.161150
0.160827
0.160827
0.161472
0.161472
0.160505
0.161794
0.160505
0.161150
0.159860
0.160827
0.160505
0.161150
0.159860
0.160827
0.160182
0.161150
0.161794
0.160505
0.160182
0.162439
0.161472
0.161150
0.160182
0.161472
0.160827
0.160827
0.160182
0.161794
0.160505
0.161150
0.160182
0.159537
0.160505
0.161794
0.160182
0.161472
0.160827
0.162117
0.160505
0.161150
0.159860
0.161794
0.160505
0.161150
0.160827
0.161794
0.161150
0.160182
0.160827
0.161472
0.160827
0.159860
0.161472
0.161472
0.161794
0.161794
0.160505
0.161472
0.161794
0.161150
0.161472
0.160827
0.162439
0.162439
0.160827
0.161472
0.162117
0.161794
0.161150
0.161794
0.162117
0.162439
0.161472
0.162117
0.162439
0.162439
0.162439
0.161794
0.162117
0.162762
0.162439
0.161794
0.161472
0.162117
0.161794
0.161794
0.161472
0.161472
0.162439
0.161472
0.161472
0.161472
0.161794
0.162762
0.161472
0.161794
0.161472
0.162439
0.161794
0.162762
0.162439
0.162117
0.161794
0.161472
0.161472
0.162117
0.162439
0.161472
0.162762
0.161794
0.162762
0.161472
0.162439
0.161150
0.163407
0.161794
0.161794
0.161794
0.162117
0.161794
0.162439
0.161794
0.162117
0.162439
0.156957
0.161150
0.162439
0.161150
0.162117
0.161472
0.161794
0.161794
0.163084
0.161150
0.162762
0.165664
0.163084
0.161150
0.163084
0.161794
0.162762
0.162117
0.162439
0.161794
0.162439
0.161794
0.164697
0.162117
0.162762
0.162117
0.161794
0.161794
0.162117
0.161794
0.161472
0.161472
0.162439
0.162117
0.162117
0.162439
0.162762
0.161794
0.162439
0.161472
0.161794
0.162439
0.162117
0.157602
0.161794
0.161794
0.162117
0.161794
0.161472
0.162117
0.162117
0.161794
0.162439
0.162117
0.159537
0.161150
0.161472
0.161794
0.162117
0.162117
0.161794
0.161794
0.162762
0.163729
0.162117
0.157925
0.163729
0.163084
0.162439
0.161150
0.162762
0.162762
0.162439
0.162439
0.163084
0.162439
0.166632
0.163084
0.161794
0.162762
0.163729
0.163084
0.162439
0.162762
0.163084
0.163084
0.162117
0.164374
0.162762
0.163084
0.162762
0.162762
0.162439
0.163084
0.163084
0.162439
0.162762
0.162762
0.162762
0.162762
0.162439
0.162439
0.163084
0.162762
0.162439
0.161794
0.163407
0.162762
0.161794
0.162439
0.163729
0.163407
0.162117
0.163407
0.163729
0.163084
0.163084
0.162762
0.163729
0.163084
0.162439
0.164052
0.162762
0.163084
0.164052
0.163084
0.162762
0.162762
0.162439
0.163084
0.162117
0.163084
0.162762
0.162117
0.162439
0.163084
0.163407
0.163084
0.162439
0.162439
0.163084
0.162762
0.162117
0.162439
0.163407
0.163407
0.162439
0.162439
0.162117
0.163084
0.162762
0.163407
0.162762
0.163084
0.162762
0.162117
0.162762
0.163729
0.162762
0.162117
0.162762
0.162762
0.163084
0.162439
0.162117
0.163407
0.163084
0.162439
0.162439
0.162117
0.163729
0.163084
0.162117
0.163407
0.162762
0.163407
0.163084
0.162762
0.163084
0.163084
0.163084
0.162762
0.162439
0.163084
0.163084
0.162439
0.163084
0.163407
0.163729
0.161794
0.163084
0.163407
0.163407
0.162117
0.161794
0.162762
0.163084
0.161472
0.162762
0.162762
0.162762
0.162117
0.161472
0.162439
0.161794
0.162117
0.162117
0.161794
0.161794
0.162117
0.161794
0.161472
0.161794
0.161794
0.161472
0.160827
0.161472
0.161150
0.161472
0.161794
0.161794
0.160182
0.161794
0.161472
0.161150
0.161794
0.162762
0.161472
0.162117
0.163407
0.161150
0.162762
0.162117
0.161794
0.162439
0.162439
0.161794
0.162439
0.162439
0.162439
0.162439
0.161150
0.162439
0.162439
0.162117
0.161794
0.162439
0.161794
0.163407
0.161794
0.162117
0.165664
0.162439
0.161794
0.162439
0.161150
0.163407
0.161794
0.161794
0.161472
0.162117
0.162439
0.163729
0.161150
0.162762
0.162762
0.162117
0.160827
0.162439
0.162439
0.162762
0.161794
0.161794
0.162117
0.163084
0.161472
0.162117
0.161472
0.162762
0.161794
0.161794
0.161794
0.163084
0.160182
0.162117
0.162762
0.163084
0.162117
0.162762
0.161150
0.163084
0.162439
0.161794
0.162117
0.164697
0.163084
0.162117
0.161150
0.162439
0.163407
0.161472
0.160505
0.161794
0.162439
0.161794
0.162762
0.162117
0.161794
0.162117
0.161794
0.162117
0.162117
0.163084
0.161794
0.161794
0.162117
0.163407
0.161472
0.162117
0.161794
0.163407
0.162762
0.162117
0.162762
0.163407
0.162762
0.162439
0.163407
0.162117
0.163084
0.162762
0.161794
0.162439
0.163084
0.163084
0.161150
0.162117
0.162117
0.163084
0.161472
0.161794
0.163084
0.162117
0.162117
0.162117
0.162762
0.162439
0.162117
0.161472
0.163407
0.162762
0.162439
0.161472
0.162439
0.162439
0.162117
0.160827
0.161150
0.161794
0.163084
0.161150
0.161472
0.162439
0.163084
0.161472
0.160827
0.161794
0.161794
0.162117
0.161150
0.160827
0.161472
0.161472
0.160827
0.161150
0.161472
0.162117
0.161794
0.161150
0.161472
0.162117
0.161150
0.160505
0.161472
0.160827
0.161150
0.161794
0.160827
0.161794
0.161794
0.161150
0.161794
0.161472
0.161794
0.160827
0.161794
0.162117
0.161794
0.162762
0.162439
0.161794
0.161794
0.161150
0.161794
0.162762
0.161794
0.162117
0.162117
0.161794
0.163084
0.162439
0.161794
0.161794
0.162762
0.162439
0.163407
0.162117
0.163407
0.163084
0.163084
0.161794
0.163084
0.162762
0.163084
0.163407
0.160827
0.163407
0.163407
0.163084
0.162439
0.163084
0.163729
0.163729
0.162439
0.162762
0.163729
0.167599
0.162439
0.162762
0.163084
0.163729
0.162762
0.162439
0.162762
0.163729
0.162762
0.162117
0.164697
0.162762
0.164374
0.162439
0.162117
0.163084
0.163729
0.163407
0.162439
0.161794
0.162439
0.160827
0.163084
0.162762
0.162117
0.163084
0.163729
0.162439
0.162117
0.163407
0.162117
0.161794
0.162762
0.162439
0.161794
0.162439
0.163084
0.163084
0.162117
0.162439
0.163084
0.163084
0.165664
0.163407
0.163729
0.162762
0.163407
0.162439
0.162439
0.162762
0.162439
0.162117
0.162117
0.164052
0.162762
0.162117
0.162439
0.163407
0.163407
0.162762
0.162117
0.162762
0.163407
0.163407
0.162439
0.163084
0.162439
0.164697
0.162439
0.162439
0.162762
0.163729
0.163729
0.162117
0.162762
0.163729
0.163729
0.163729
0.162762
0.164052
0.163407
0.162117
0.163729
0.163084
0.163407
0.162762
0.162762
0.163407
0.163084
0.162762
0.162439
0.162762
0.162762
0.162762
0.162117
0.161472
0.162439
0.162439
0.161794
0.161794
0.162117
0.162117
0.162762
0.162117
0.162762
0.162117
0.162117
0.161472
0.162117
0.161472
0.162117
0.160505
0.162439
0.161794
0.162439
0.161150
0.161472
0.161794
0.161794
0.161794
0.161150
0.161472
0.162439
0.160827
0.161794
0.161794
0.161472
0.162439
0.160505
0.161472
0.162439
0.162117
0.162439
0.161794
0.162117
0.162762
0.162762
0.161794
0.162439
0.162762
0.162439
0.162117
0.163084
0.161794
0.163084
0.162439
0.162117
0.163084
0.163729
0.162762
0.163084
0.162762
0.164052
0.163084
0.163084
0.162762
0.163729
0.164052
0.162439
0.162762
0.163084
0.163729
0.162439
0.163084
0.164374
0.162439
0.163729
0.164374
0.163407
0.163729
0.164052
0.162439
0.164052
0.158570
0.163729
0.162762
0.163084
0.163729
0.164697
0.162762
0.163084
0.164052
0.163729
0.163407
0.165664
0.163084
0.163407
0.163729
0.163084
0.163729
0.163407
0.163407
0.163407
0.163084
0.163084
0.163407
0.162117
0.163729
0.163084
0.163407
0.162762
0.162117
0.163407
0.163729
0.162439
0.157602
0.162439
0.164052
0.163084
0.162439
0.162439
0.163407
0.163084
0.162762
0.162762
0.162117
0.165342
0.163084
0.161472
0.163084
0.162439
0.163084
0.163407
0.161472
0.162439
0.163729
0.162439
0.163407
0.162117
0.163407
0.163084
0.163729
0.163729
0.162439
0.163084
0.162439
0.162762
0.163729
0.163729
0.162439
0.163084
0.163407
0.163407
0.162762
0.163407
0.162762
0.163407
0.163407
0.162439
0.163729
0.163729
0.163084
0.164052
0.163407
0.163407
0.163407
0.162762
0.163407
0.163084
0.163729
0.163407
0.163084
0.163729
0.164052
0.162439
0.162762
0.163729
0.163729
0.162762
0.162439
0.162762
0.163407
0.163084
0.162762
0.162762
0.162762
0.162762
0.163729
0.162117
0.163084
0.162439
0.162117
0.162762
0.162117
0.162439
0.163084
0.161150
0.163729
0.163084
0.162762
0.162117
0.163407
0.163084
0.163729
0.162117
0.162117
0.163084
0.163729
0.162117
0.162762
0.162439
0.163407
0.162762
0.162439
0.162762
0.162762
0.163084
0.162762
0.162439
0.162439
0.163729
0.162762
0.163407
0.162762
0.164052
0.164374
0.162439
0.163407
0.164374
0.162439
0.162439
0.163729
0.163729
0.163084
0.162117
0.162439
0.163407
0.163729
0.162117
0.163729
0.163084
0.163084
0.164052
0.163084
0.162439
0.163407
0.158892
0.164052
0.162762
0.163084
0.163729
0.162439
0.163729
0.163407
0.163729
0.162762
0.162762
0.167599
0.164374
0.162762
0.163407
0.163084
0.165019
0.164374
0.163407
0.163084
0.164374
0.163729
0.166309
0.163407
0.163729
0.164052
0.164052
0.163084
0.163407
0.163407
0.163084
0.163407
0.162762
0.163729
0.164052
0.162117
0.163729
0.163084
0.163407
0.163084
0.162762
0.164374
0.164374
0.161472
0.163729
0.163407
0.164697
0.163407
0.162762
0.163084
0.163729
0.163729
0.163729
0.163407
0.164052
0.164052
0.164374
0.163084
0.163407
0.164374
0.163084
0.164052
0.164052
0.165342
0.164697
0.163084
0.164374
0.164052
0.164052
0.163084
0.163729
0.164697
0.163407
0.163729
0.163729
0.163729
0.164052
0.164374
0.164052
0.164052
0.163729
0.164052
0.163407
0.163729
0.163729
0.164374
0.163407
0.163084
0.164052
0.164697
0.163084
0.164374
0.163729
0.163729
0.163084
0.162762
0.162439
0.163084
0.163407
0.162439
0.163729
0.163407
0.162117
0.164052
0.162439
0.163084
0.163407
0.162117
0.162762
0.163084
0.163407
0.162762
0.162762
0.163729
0.161794
0.163084
0.162439
0.162439
0.162762
0.163729
0.163084
0.162762
0.164052
0.164052
0.163729
0.163729
0.163407
0.163729
0.163084
0.163084
0.163729
0.164052
0.163407
0.163729
0.163407
0.162762
0.164052
0.163084
0.163407
0.163729
0.163407
0.163084
0.163084
0.163084
0.163729
0.164374
0.163084
0.163729
0.164052
0.164052
0.164052
0.163729
0.163729
0.164697
0.164052
0.163407
0.164052
0.164374
0.164052
0.164697
0.163729
0.164697
0.164374
0.160182
0.163407
0.163729
0.164697
0.163729
0.163084
0.164374
0.164697
0.162117
0.164374
0.163729
0.162117
0.163729
0.164052
0.164052
0.164052
0.163084
0.164052
0.164052
0.163407
0.164052
0.163729
0.166309
0.163729
0.164374
0.162117
0.163084
0.164052
0.164374
0.163729
0.163407
0.163084
0.159860
0.164052
0.162762
0.163729
0.162762
0.163729
0.163084
0.164052
0.163729
0.163729
0.163729
0.167921
0.165019
0.165019
0.163729
0.164052
0.164052
0.165019
0.165019
0.164374
0.163729
0.164052
0.165664
0.163729
0.163729
0.164697
0.164374
0.163729
0.164052
0.164374
0.164374
0.164697
0.163407
0.164374
0.164697
0.164697
0.164052
0.164052
0.165019
0.165664
0.163729
0.164374
0.165342
0.165019
0.163407
0.163729
0.164697
0.164697
0.164374
0.164374
0.163729
0.164697
0.164697
0.164374
0.164052
0.164374
0.165019
0.163084
0.163084
0.163729
0.164697
0.162762
0.162762
0.163407
0.164374
0.163407
0.163084
0.163729
0.163407
0.163407
0.163729
0.163084
0.164374
0.164052
0.162762
0.163729
0.163084
0.163729
0.164374
0.163084
0.164052
0.163729
0.163407
0.163084
0.163729
0.163729
0.163729
0.162762
0.163084
0.163407
0.164052
0.163407
0.163729
0.163729
0.164697
0.163407
0.163407
0.163084
0.164374
0.163729
0.163407
0.162762
0.164374
0.164052
0.163729
0.164374
0.163729
0.163729
0.163084
0.164374
0.164697
0.164697
0.163407
0.163729
0.164697
0.164052
0.164697
0.163729
0.164697
0.163407
0.163729
0.163729
0.163729
0.164374
0.165019
0.163729
0.163729
0.164052
0.165019
0.164374
0.163729
0.160827
0.165664
0.164374
0.164374
0.164052
0.164374
0.165664
0.164374
0.164052
0.165019
0.165019
0.167921
0.164374
0.164697
0.164374
0.164697
0.163729
0.164697
0.164374
0.165342
0.164052
0.164052
0.164052
0.164052
0.164052
0.164052
0.164374
0.165019
0.164052
0.163407
0.164374
0.165019
0.159215
0.165342
0.163729
0.163407
0.164697
0.164052
0.163729
0.165019
0.164052
0.163084
0.164052
0.167599
0.165019
0.164697
0.164052
0.163407
0.164697
0.164052
0.164697
0.164697
0.165342
0.164697
0.165342
0.164374
0.164697
0.165019
0.164374
0.164374
0.164374
0.165019
0.164374
0.164374
0.165342
0.164697
0.165342
0.165342
0.164374
0.165342
0.164697
0.165019
0.165664
0.164374
0.165342
0.164374
0.164374
0.164697
0.166309
0.164052
0.165019
0.165019
0.165664
0.164374
0.165342
0.165019
0.166309
0.164697
0.165019
0.164052
0.165342
0.165019
0.164374
0.164052
0.165019
0.165342
0.163407
0.163729
0.164374
0.165342
0.164052
0.164374
0.164374
0.163407
0.163729
0.164697
0.164052
0.164374
0.164374
0.163407
0.164374
0.163084
0.164374
0.163407
0.164052
0.163729
0.165342
0.162762
0.163084
0.164697
0.164052
0.163407
0.163729
0.164052
0.164052
0.163729
0.163729
0.164052
0.163729
0.165342
0.164374
0.164374
0.164052
0.163729
0.164374
0.163729
0.163084
0.164697
0.164374
0.163084
0.164052
0.165664
0.165019
0.164374
0.164374
0.165019
0.165664
0.164697
0.163729
0.165019
0.164374
0.164374
0.167599
0.164052
0.164052
0.165342
0.163729
0.164697
0.165342
0.165342
0.164697
0.164374
0.165342
0.169534
0.164697
0.165342
0.164697
0.165342
0.165342
0.164697
0.165019
0.165019
0.165342
0.160827
0.164374
0.164374
0.165664
0.165664
0.164052
0.165664
0.165342
0.164697
0.164697
0.164697
0.170179
0.166632
0.164374
0.165342
0.165019
0.164374
0.165342
0.165664
0.164697
0.166309
0.164374
0.166309
0.165019
0.165342
0.165342
0.165019
0.164697
0.164697
0.165019
0.163729
0.164052
0.164052
0.164374
0.164052
0.163729
0.163729
0.164697
0.163729
0.164697
0.165019
0.165664
0.165342
0.164697
0.164052
0.164697
0.165342
0.164697
0.165019
0.164697
0.165342
0.165019
0.164697
0.164374
0.165664
0.165019
0.165019
0.165019
0.164697
0.165987
0.164052
0.165342
0.165019
0.165987
0.164374
0.165019
0.164697
0.165342
0.165342
0.165664
0.165342
0.165987
0.165019
0.164697
0.164697
0.165987
0.165664
0.164697
0.165342
0.165987
0.165019
0.164374
0.164697
0.165664
0.165987
0.163729
0.165019
0.164697
0.164697
0.165019
0.164374
0.163729
0.165342
0.165019
0.163729
0.164052
0.164374
0.164697
0.163729
0.163729
0.164374
0.164697
0.163729
0.163084
0.164374
0.163729
0.164374
0.163729
0.164374
0.163084
0.164697
0.163407
0.163407
0.164374
0.163729
0.163407
0.163084
0.163084
0.164374
0.163729
0.163084
0.164374
0.165342
0.164374
0.163407
0.163729
0.164697
0.165342
0.163407
0.164697
0.163729
0.160505
0.163407
0.163407
0.164374
0.165019
0.164374
0.164052
0.163729
0.165342
0.164697
0.164052
0.166632
0.165019
0.165019
0.163729
0.164697
0.164697
0.165342
0.164052
0.164052
0.164697
0.162439
0.164052
0.164374
0.164697
0.165342
0.164374
0.164374
0.164374
0.165019
0.165342
0.163729
0.168889
0.165987
0.165664
0.164052
0.164052
0.165019
0.164697
0.165019
0.164697
0.165019
0.165987
0.166309
0.164052
0.165342
0.164697
0.165019
0.165342
0.165664
0.165342
0.165019
0.164374
0.164697
0.164697
0.165664
0.164374
0.164697
0.165019
0.165987
0.164374
0.164697
0.164697
0.165019
0.164697
0.163407
0.164052
0.164697
0.164697
0.163729
0.164697
0.164697
0.165342
0.164697
0.164052
0.164697
0.165019
0.165019
0.164374
0.165019
0.165342
0.165342
0.164052
0.164697
0.165342
0.165019
0.165019
0.165019
0.164374
0.165664
0.164697
0.164697
0.164697
0.165664
0.164697
0.165342
0.164697
0.165664
0.165664
0.165019
0.165019
0.165019
0.165342
0.165019
0.164697
0.165019
0.166632
0.164697
0.164697
0.165019
0.165664
0.165664
0.165019
0.165342
0.165019
0.165342
0.164697
0.165987
0.165342
0.165342
0.164374
0.164697
0.165019
0.164374
0.164374
0.164697
0.164052
0.164374
0.164374
0.163729
0.164374
0.165342
0.164697
0.164374
0.164374
0.163729
0.164697
0.164052
0.163729
0.164697
0.164052
0.163084
0.164697
0.164052
0.164374
0.164374
0.163407
0.164052
0.163729
0.164052
0.163407
0.163407
0.165987
0.164374
0.163729
0.164052
0.164052
0.164052
0.165342
0.163729
0.163407
0.164052
0.162439
0.163407
0.164374
0.164052
0.164697
0.164052
0.163729
0.164052
0.165664
0.163729
0.164697
0.159215
0.165019
0.164697
0.164374
0.164697
0.165342
0.164697
0.164052
0.165019
0.164697
0.164697
0.165342
0.164374
0.165019
0.165664
0.164374
0.164052
0.165019
0.165019
0.164697
0.164374
0.165019
0.165342
0.165342
0.163729
0.164697
0.164697
0.165342
0.163729
0.165342
0.165019
0.165019
0.165019
0.165019
0.165019
0.165664
0.164374
0.164697
0.165664
0.165987
0.164052
0.164697
0.165342
0.165342
0.165019
0.164697
0.164697
0.165987
0.165664
0.164374
0.164374
0.165019
0.165019
0.165342
0.164052
0.165019
0.165664
0.164697
0.164052
0.164697
0.165019
0.164697
0.163729
0.164052
0.165019
0.165664
0.164697
0.164697
0.165342
0.165342
0.165342
0.164052
0.164052
0.165664
0.165342
0.164697
0.164374
0.165019
0.165987
0.165019
0.165019
0.165342
0.165664
0.164697
0.165342
0.164374
0.165342
0.164697
0.165342
0.165664
0.165019
0.165342
0.165664
0.165019
0.165342
0.165342
0.164374
0.165019
0.164052
0.165664
0.164697
0.164697
0.165987
0.165987
0.164697
0.164697
0.165664
0.165987
0.165019
0.168244
0.165342
0.165342
0.165664
0.164052
0.165664
0.165019
0.166632
0.164374
0.164374
0.164697
0.165342
0.165019
0.163729
0.165019
0.165342
0.164374
0.163729
0.164374
0.165342
0.165342
0.163407
0.163729
0.164697
0.165019
0.164374
0.164052
0.164697
0.164052
0.165019
0.164052
0.163407
0.165987
0.164697
0.163407
0.164052
0.163407
0.164697
0.164697
0.164697
0.164052
0.165019
0.164697
0.164374
0.164052
0.165019
0.165664
0.164374
0.165664
0.165664
0.165019
0.165019
0.165019
0.164697
0.165342
0.165019
0.164697
0.165342
0.165664
0.165342
0.165342
0.165019
0.165664
0.165987
0.164052
0.164697
0.165987
0.165664
0.165342
0.164697
0.165664
0.166309
0.165019
0.164697
0.166309
0.165664
0.166309
0.165019
0.165664
0.165019
0.166632
0.165664
0.165342
0.165664
0.165987
0.165664
0.165342
0.165342
0.165664
0.165664
0.165342
0.165987
0.165664
0.166632
0.165342
0.164697
0.166309
0.165664
0.165342
0.165342
0.165342
0.165664
0.165664
0.163729
0.165342
0.165342
0.165342
0.164697
0.164697
0.164374
0.165987
0.165019
0.164374
0.164374
0.165342
0.165342
0.163729
0.165019
0.165019
0.164374
0.164697
0.164697
0.164374
0.165987
0.165019
0.164697
0.165019
0.165342
0.165987
0.165664
0.159860
0.165342
0.166632
0.164697
0.165019
0.165019
0.165987
0.165342
0.165019
0.165342
0.165664
0.169211
0.165342
0.165987
0.164697
0.165664
0.165987
0.165342
0.165019
0.165664
0.164697
0.165019
0.165987
0.165342
0.164697
0.165664
0.165664
0.165664
0.165342
0.164374
0.165342
0.165664
0.160505
0.165664
0.165342
0.166309
0.165342
0.165342
0.164697
0.164697
0.165664
0.165987
0.164052
0.167599
0.165342
0.165664
0.164052
0.163729
0.164374
0.165342
0.163407
0.164052
0.164697
0.165019
0.164697
0.164697
0.164052
0.165342
0.164697
0.163729
0.163729
0.164052
0.164697
0.164374
0.163407
0.164052
0.165019
0.163729
0.164374
0.163407
0.163729
0.164052
0.162762
0.163407
0.163407
0.164374
0.164374
0.164052
0.163084
0.164374
0.164374
0.164697
0.164697
0.165019
0.165019
0.165019
0.164052
0.165019
0.165019
0.164697
0.164052
0.164697
0.165019
0.164697
0.165342
0.164697
0.165664
0.165019
0.164697
0.165664
0.165342
0.165342
0.165019
0.165019
0.164697
0.165987
0.164697
0.165019
0.166309
0.165987
0.165342
0.164697
0.165019
0.166632
0.165342
0.165342
0.165342
0.165664
0.165987
0.164052
0.165342
0.165342
0.166632
0.165664
0.165019
0.165987
0.166309
0.165664
0.165019
0.165342
0.162439
0.165664
0.165342
0.164697
0.165342
0.165987
0.165019
0.165019
0.165019
0.165987
0.164697
0.168889
0.164374
0.165019
0.164697
0.164697
0.164374
0.165342
0.165342
0.164374
0.165019
0.164374
0.168566
0.165019
0.164697
0.165019
0.164697
0.164052
0.164697
0.165342
0.164697
0.164697
0.162439
0.165019
0.165987
0.165342
0.164697
0.165342
0.165664
0.165987
0.164697
0.165019
0.165987
0.168566
0.165664
0.165664
0.164697
0.165987
0.165664
0.164374
0.166309
0.165342
0.165987
0.165019
0.165664
0.165342
0.166632
0.165342
0.165664
0.166632
0.166632
0.165342
0.164697
0.165664
0.166954
0.165987
0.165987
0.165342
0.165987
0.165664
0.166632
0.165342
0.165987
0.167277
0.165664
0.164697
0.165664
0.166309
0.165664
0.164697
0.165019
0.165987
0.164697
0.164697
0.165019
0.165342
0.165019
0.164052
0.165019
0.165342
0.165664
0.164697
0.165019
0.163729
0.164697
0.164374
0.164374
0.164052
0.165019
0.166309
0.164052
0.165019
0.164697
0.165019
0.164052
0.164052
0.164052
0.165019
0.163407
0.163729
0.164697
0.165019
0.164052
0.164697
0.164697
0.165019
0.164697
0.163729
0.164697
0.165342
0.165342
0.164052
0.164052
0.164374
0.165664
0.164697
0.163729
0.165019
0.165987
0.165019
0.164052
0.164697
0.165664
0.165664
0.164052
0.164374
0.165342
0.165664
0.164697
0.165342
0.165019
0.161472
0.165342
0.165019
0.165019
0.166309
0.165342
0.165342
0.164697
0.165664
0.165987
0.165664
0.167921
0.166309
0.166954
0.165664
0.165664
0.165664
0.165987
0.166632
0.165664
0.166309
0.165342
0.167277
0.165342
0.166309
0.165342
0.166954
0.165664
0.165664
0.166309
0.166632
0.165987
0.161794
0.165664
0.165987
0.165987
0.165664
0.165987
0.165664
0.165342
0.165664
0.165664
0.165664
0.168566
0.165342
0.165987
0.166632
0.166309
0.165019
0.165664
0.165342
0.165987
0.164697
0.165019
0.165342
0.165987
0.165987
0.165342
0.164697
0.165342
0.165987
0.165019
0.164697
0.165342
0.165664
0.165987
0.165342
0.165342
0.165019
0.166632
0.165019
0.165342
0.165664
0.165987
0.165019
0.165342
0.165342
0.165987
0.165342
0.165987
0.165019
0.166309
0.165019
0.165664
0.165664
0.165342
0.165987
0.165342
0.165664
0.165987
0.165664
0.165019
0.165342
0.165019
0.165987
0.166309
0.165664
0.166632
0.165342
0.166309
0.165342
0.164697
0.165987
0.165019
0.164697
0.166309
0.165664
0.165342
0.164697
0.165342
0.164697
0.165987
0.164374
0.164697
0.165342
0.165664
0.165019
0.164374
0.164374
0.165342
0.165342
0.164374
0.164374
0.165019
0.165019
0.164697
0.163407
0.164052
0.164052
0.164374
0.163084
0.164374
0.164697
0.164374
0.163729
0.163729
0.163729
0.165019
0.164052
0.163729
0.164374
0.164697
0.165664
0.164374
0.164697
0.165342
0.164697
0.164697
0.164052
0.163729
0.164374
0.164697
0.167599
0.163729
0.165019
0.164374
0.164697
0.164374
0.165342
0.164374
0.165019
0.165019
0.164052
0.165987
0.165342
0.165664
0.165019
0.165987
0.165019
0.165019
0.165019
0.165987
0.165342
0.162439
0.165987
0.165342
0.165664
0.164697
0.165664
0.165987
0.165664
0.164374
0.166632
0.165019
0.168244
0.165019
0.166309
0.165019
0.166309
0.165342
0.165019
0.165342
0.166309
0.165664
0.165019
0.165664
0.165987
0.165987
0.165342
0.165342
0.165987
0.166309
0.166309
0.165019
0.166309
0.165664
0.166309
0.165019
0.165342
0.165664
0.165019
0.164697
0.164697
0.164697
0.165342
0.164697
0.164374
0.164697
0.165987
0.164374
0.164697
0.164697
0.165664
0.165019
0.165342
0.165019
0.165664
0.165664
0.164697
0.165342
0.165664
0.166954
0.165664
0.164697
0.165342
0.165987
0.165342
0.164697
0.165342
0.165987
0.165664
0.165664
0.165019
0.165342
0.164697
0.165019
0.165342
0.165342
0.165664
0.165342
0.165342
0.165019
0.165342
0.165987
0.165664
0.165342
0.165987
0.165664
0.164374
0.165342
0.165664
0.165342
0.165019
0.165987
0.165664
0.165987
0.165019
0.164374
0.165342
0.165987
0.164697
0.165019
0.164052
0.165664
0.164697
0.163407
0.164052
0.165664
0.165019
0.164052
0.164697
0.164374
0.168244
0.164052
0.164052
0.164374
0.165019
0.164052
0.164374
0.164052
0.165342
0.165342
0.164052
0.164052
0.164052
0.164697
0.164052
0.163729
0.164052
0.166309
0.164052
0.163729
0.163729
0.169211
0.164697
0.165019
0.163729
0.165664
0.165019
0.164697
0.165342
0.164374
0.165019
0.165019
0.167277
0.164697
0.165019
0.164374
0.164374
0.166309
0.165019
0.164697
0.165664
0.165342
0.165019
0.165342
0.164374
0.165664
0.165664
0.164374
0.164052
0.165664
0.165342
0.165019
0.163729
0.165342
0.165664
0.165664
0.164374
0.165019
0.165342
0.165664
0.164697
0.165342
0.164697
0.165664
0.165342
0.165019
0.164697
0.165342
0.166309
0.165019
0.164697
0.165664
0.165664
0.165342
0.165019
0.165019
0.166309
0.165664
0.165342
0.165342
0.165664
0.165664
0.165342
0.165342
0.165342
0.165664
0.163729
0.166632
0.165342
0.165342
0.165019
0.164697
0.165342
0.166309
0.165664
0.165019
0.165342
0.165019
0.165342
0.165019
0.165342
0.165019
0.165664
0.164052
0.165019
0.165342
0.165342
0.165019
0.164697
0.165019
0.166632
0.164374
0.165019
0.166309
0.166632
0.165342
0.165019
0.165664
0.165664
0.163407
0.165342
0.165987
0.165987
0.166632
0.165987
0.164697
0.166309
0.166632
0.165019
0.164697
0.169856
0.165987
0.166309
0.164697
0.165342
0.165987
0.165664
0.165664
0.165342
0.165664
0.165987
0.166954
0.165664
0.165342
0.166632
0.165664
0.165987
0.165342
0.166632
0.165987
0.165342
0.165019
0.165987
0.165987
0.165342
0.165019
0.165664
0.165987
0.165019
0.165342
0.165019
0.164697
0.167277
0.164374
0.164374
0.165987
0.164052
0.164052
0.165342
0.165019
0.164697
0.165019
0.165019
0.165019
0.165342
0.164052
0.165342
0.165342
0.165019
0.164697
0.164052
0.164697
0.164697
0.164374
0.163084
0.165664
0.165342
0.164697
0.163729
0.164374
0.164697
0.164052
0.164052
0.164697
0.164374
0.165342
0.165342
0.164374
0.164374
0.165987
0.165019
0.164052
0.165019
0.165019
0.165987
0.164697
0.164697
0.165019
0.165342
0.164697
0.164052
0.164374
0.165019
0.165664
0.164374
0.165342
0.165342
0.165019
0.165664
0.165342
0.165342
0.166954
0.165342
0.165342
0.166954
0.165342
0.164697
0.165987
0.165987
0.165664
0.165019
0.165664
0.165987
0.166632
0.165664
0.165342
0.165987
0.165664
0.165987
0.165019
0.165664
0.165987
0.165987
0.164697
0.165342
0.166309
0.166309
0.165342
0.164697
0.164697
0.165987
0.165987
0.165342
0.165342
0.165987
0.165987
0.165019
0.165664
0.165664
0.165987
0.169211
0.165019
0.165987
0.166632
0.164374
0.165987
0.165019
0.165987
0.165342
0.164697
0.164697
0.167921
0.165664
0.165342
0.165664
0.165342
0.165664
0.165019
0.165664
0.165664
0.165987
0.162762
0.165664
0.165342
0.166309
0.165342
0.165019
0.165664
0.166632
0.164697
0.164697
0.165664
0.169211
0.165342
0.165664
0.165664
0.166632
0.165342
0.165342
0.165987
0.165342
0.166632
0.166632
0.165342
0.166309
0.166309
0.166309
0.164697
0.165664
0.165987
0.166954
0.164697
0.165019
0.165664
0.166309
0.165019
0.165342
0.165664
0.166632
0.165987
0.165019
0.164697
0.165987
0.165019
0.165019
0.165342
0.165664
0.164374
0.165019
0.164052
0.164697
0.164697
0.164052
0.164374
0.165019
0.164052
0.163729
0.164374
0.164697
0.164052
0.164374
0.164374
0.164052
0.164697
0.165019
0.163729
0.164697
0.164697
0.164697
0.163407
0.164374
0.163407
0.165342
0.163729
0.163729
0.164052
0.165019
0.164697
0.164052
0.164697
0.165664
0.165664
0.163729
0.164052
0.165342
0.164697
0.164052
0.164374
0.164697
0.165342
0.164697
0.164697
0.165342
0.165664
0.165019
0.165342
0.164697
0.165664
0.165987
0.160182
0.164697
0.165342
0.165664
0.165019
0.165019
0.165019
0.165342
0.165019
0.165342
0.166632
0.169534
0.165664
0.165019
0.165664
0.165664
0.165342
0.164697
0.165987
0.165342
0.165664
0.165342
0.165987
0.165664
0.166632
0.165019
0.165342
0.165342
0.165342
0.165342
0.165664
0.165664
0.169856
0.164697
0.165342
0.166309
0.165987
0.165342
0.165987
0.166309
0.166309
0.165664
0.165342
0.166954
0.165342
0.166632
0.165342
0.164374
0.165987
0.167277
0.165342
0.164374
0.165342
0.165664
0.165664
0.164374
0.165342
0.165342
0.165664
0.164697
0.165342
0.165342
0.166632
0.165019
0.164697
0.165342
0.165664
0.165019
0.165342
0.165019
0.166309
0.166309
0.165342
0.164697
0.166309
0.165987
0.165342
0.164697
0.165664
0.165342
0.165342
0.164697
0.165019
0.165664
0.165342
0.165342
0.165019
0.165342
0.165664
0.165342
0.165342
0.165664
0.166309
0.165019
0.165342
0.165342
0.166309
0.165342
0.165987
0.166632
0.165664
0.165664
0.165664
0.166309
0.165987
0.165342
0.165019
0.166309
0.165342
0.165987
0.165664
0.165342
0.165664
0.166632
0.164374
0.165342
0.165342
0.165342
0.163084
0.164697
0.165019
0.165664
0.164374
0.163729
0.165342
0.165019
0.165342
0.164052
0.164374
0.164374
0.163084
0.163729
0.164052
0.164697
0.165019
0.164697
0.163407
0.163729
0.164697
0.163729
0.163729
0.167921
0.164052
0.164697
0.164052
0.164697
0.165019
0.164697
0.164052
0.165019
0.163729
0.164697
0.165342
0.164052
0.164052
0.165664
0.164697
0.165342
0.165019
0.165019
0.165342
0.164374
0.162117
0.165342
0.165342
0.164697
0.165664
0.165664
0.165342
0.165019
0.165019
0.165664
0.165664
0.165987
0.165342
0.165342
0.166309
0.166309
0.165019
0.165987
0.165987
0.165987
0.165342
0.165342
0.165987
0.166632
0.164697
0.165019
0.167277
0.166632
0.165019
0.165664
0.165987
0.166632
0.166309
0.165342
0.165987
0.166309
0.166632
0.165987
0.166309
0.165664
0.166632
0.165019
0.165342
0.165987
0.166632
0.165664
0.165664
0.165342
0.166309
0.165664
0.165664
0.165987
0.165664
0.165987
0.165987
0.165664
0.166309
0.165987
0.165664
0.165019
0.165987
0.165664
0.164697
0.165342
0.165664
0.165664
0.165664
0.165019
0.165664
0.166309
0.165987
0.165342
0.165664
0.165987
0.166309
0.165019
0.165342
0.165987
0.166632
0.165664
0.165987
0.165987
0.166954
0.165987
0.165342
0.166309
0.166954
0.165664
0.165664
0.165019
0.165987
0.166309
0.165342
0.166632
0.165664
0.166309
0.165987
0.165342
0.161472
0.166632
0.166309
0.165664
0.166632
0.166309
0.166632
0.165342
0.165987
0.165987
0.166632
0.168889
0.165987
0.165987
0.165987
0.166309
0.165342
0.165342
0.165342
0.165342
0.165019
0.165019
0.165664
0.165342
0.165019
0.165342
0.165342
0.165342
0.164052
0.164697
0.164697
0.164697
0.166309
0.164052
0.165019
0.165987
0.163729
0.164374
0.164697
0.164697
0.164697
0.163084
0.163729
0.165342
0.165019
0.163407
0.163729
0.164697
0.164374
0.164697
0.163729
0.164374
0.165342
0.165342
0.164052
0.165019
0.165019
0.165342
0.164052
0.164697
0.164697
0.165664
0.164374
0.164697
0.164697
0.165019
0.165664
0.165342
0.164374
0.165342
0.165664
0.164697
0.164374
0.165664
0.165664
0.165019
0.165342
0.165019
0.164374
0.165342
0.165019
0.164697
0.165987
0.165987
0.164697
0.164697
0.165987
0.165342
0.165664
0.166309
0.165664
0.166632
0.165987
0.165664
0.166309
0.166632
0.165342
0.166309
0.165987
0.165987
0.165987
0.165342
0.165987
0.166632
0.166632
0.165664
0.166309
0.166309
0.165987
0.166309
0.165342
0.165987
0.165664
0.165664
0.165664
0.165664
0.165987
0.166309
0.165019
0.162439
0.165664
0.165987
0.165019
0.165342
0.166309
0.166632
0.164052
0.165342
0.166309
0.165664
0.169211
0.165019
0.164697
0.165342
0.166309
0.164052
0.165019
0.165664
0.165664
0.165987
0.164052
0.164697
0.166309
0.165342
0.165342
0.165664
0.165342
0.165664
0.165664
0.165019
0.165664
0.165019
0.165342
0.166309
0.165342
0.166309
0.166632
0.165664
0.165664
0.165987
0.166309
0.165342
0.167921
0.165342
0.166632
0.165342
0.165664
0.165342
0.165987
0.165019
0.165664
0.165987
0.165664
0.164374
0.165664
0.165987
0.165987
0.165664
0.165342
0.165342
0.165987
0.165342
0.164374
0.165342
0.165987
0.165664
0.164697
0.165342
0.164697
0.165664
0.165342
0.164374
0.164697
0.165342
0.165019
0.164697
0.165019
0.164374
0.165019
0.165019
0.163084
0.164697
0.165019
0.164697
0.165342
0.164052
0.165019
0.165342
0.164374
0.164374
0.165342
0.164052
0.164052
0.164697
0.164697
0.165019
0.164052
0.165019
0.165987
0.165019
0.165019
0.165019
0.165019
0.165987
0.165019
0.164052
0.165342
0.165342
0.164374
0.164697
0.165342
0.165019
0.165664
0.164374
0.165019
0.165664
0.165342
0.165019
0.164052
0.165342
0.165342
0.164697
0.164374
0.165342
0.165664
0.165019
0.165342
0.165342
0.165664
0.169211
0.165342
0.166309
0.165987
0.165987
0.165019
0.165342
0.165664
0.166954
0.165342
0.164697
0.167599
0.166309
0.165664
0.165987
0.165664
0.166309
0.166632
0.165019
0.165342
0.166632
0.161472
0.165019
0.165664
0.165342
0.165987
0.165987
0.164697
0.165342
0.165342
0.165664
0.165019
0.168889
0.165342
0.165342
0.165664
0.165664
0.165664
0.165664
0.165342
0.165342
0.165987
0.165987
0.165019
0.165342
0.165664
0.164697
0.165019
0.165342
0.165019
0.165664
0.165342
0.164697
0.165987
0.165019
0.165019
0.165664
0.164697
0.165342
0.166632
0.165342
0.165987
0.166309
0.165664
0.165987
0.165342
0.165342
0.165019
0.165987
0.165664
0.164374
0.165664
0.166309
0.165019
0.164697
0.165664
0.165664
0.165664
0.165019
0.165019
0.165342
0.165987
0.165342
0.165342
0.165987
0.166309
0.165342
0.165342
0.165019
0.165987
0.167277
0.165019
0.165019
0.165664
0.165664
0.165987
0.164697
0.165664
0.165342
0.164697
0.165019
0.164374
0.165342
0.164697
0.165664
0.164374
0.164052
0.165019
0.164374
0.163729
0.164052
0.164374
0.164374
0.164052
0.163729
0.164374
0.164374
0.164697
0.164374
0.159860
0.163729
0.164697
0.164374
0.164374
0.163084
0.163407
0.163407
0.163729
0.163729
0.163084
0.166954
0.164374
0.164697
0.163084
0.163407
0.165019
0.165019
0.163729
0.163407
0.164374
0.164052
0.165342
0.163407
0.164697
0.164052
0.165342
0.164697
0.163729
0.164697
0.165664
0.163729
0.165664
0.165342
0.164374
0.164374
0.164697
0.163729
0.165019
0.164697
0.165019
0.164052
0.164374
0.165019
0.165019
0.164052
0.164052
0.165664
0.163729
0.165342
0.165664
0.165019
0.164697
0.165342
0.165019
0.164374
0.165664
0.165342
0.165664
0.164374
0.165342
0.164697
0.164697
0.164697
0.165342
0.164052
0.165019
0.165664
0.165019
0.164374
0.164052
0.165342
0.165987
0.165019
0.163407
0.165342
0.164697
0.165019
0.164052
0.164697
0.165664
0.165664
0.164052
0.164052
0.164374
0.165987
0.165019
0.163729
0.165342
0.165987
0.165342
0.164374
0.164697
0.164697
0.164374
0.164697
0.163407
0.165019
0.165664
0.165019
0.164374
0.164374
0.165019
0.165664
0.164697
0.164697
0.165342
0.165664
0.164697
0.164697
0.165342
0.165987
0.165342
0.165019
0.164697
0.165987
0.166309
0.165342
0.164697
0.162117
0.165664
0.165664
0.165342
0.166309
0.165664
0.165342
0.165342
0.165019
0.165987
0.165342
0.167599
0.165342
0.165987
0.165342
0.166632
0.165019
0.165987
0.166632
0.165019
0.165987
0.161794
0.165664
0.165342
0.165342
0.165019
0.165342
0.165342
0.164697
0.165342
0.165019
0.164697
0.165987
0.164374
0.165019
0.165019
0.164052
0.164052
0.164697
0.164052
0.163729
0.163729
0.164697
0.165342
0.164374
0.163084
0.165019
0.164697
0.164052
0.163729
0.163729
0.163729
0.164697
0.162762
0.163729
0.164374
0.164052
0.163729
0.162762
0.164374
0.164374
0.164052
0.163729
0.164697
0.164052
0.164697
0.163084
