Samp. Freq.(Hz)   Sample#   Pulse Length (ms)
10000.000000	10000.000000	150.000000
	
Voltage(V) 
0.387526
0.386559
0.386559
0.385591
0.386236
0.386559
0.389784
0.391718
0.392041
0.393331
0.393653
0.394943
0.395911
0.395588
0.394621
0.394298
0.395266
0.395588
0.396233
0.396555
0.396555
0.397523
0.398490
0.400103
0.400425
0.400103
0.400748
0.401070
0.402360
0.406230
0.402038
0.402360
0.403005
0.402038
0.402682
0.402682
0.404617
0.404940
0.405262
0.405262
0.406552
0.406230
0.406552
0.404940
0.407197
0.406230
0.406552
0.406875
0.406552
0.407197
0.406875
0.408165
0.407197
0.407197
0.408165
0.407520
0.406230
0.405907
0.405262
0.404940
0.404617
0.403972
0.405262
0.405585
0.403972
0.403650
0.402682
0.402682
0.403327
0.402038
0.401393
0.400425
0.401393
0.400748
0.399780
0.402360
0.399458
0.399458
0.397523
0.397845
0.396233
0.396555
0.392686
0.392686
0.392041
0.393008
0.392363
0.391073
0.391396
0.393653
0.394298
0.395911
0.394621
0.396233
0.397200
0.397523
0.396555
0.396878
0.397845
0.398168
0.397523
0.398490
0.399135
0.398813
0.399458
0.399780
0.400748
0.401393
0.399458
0.400748
0.401070
0.401393
0.400425
0.401393
0.401070
0.402682
0.401715
0.403005
0.403327
0.403972
0.401715
0.403972
0.403972
0.404940
0.405262
0.405907
0.405907
0.407197
0.407197
0.407842
0.408809
0.408165
0.403972
0.408165
0.408487
0.408165
0.408809
0.408165
0.407520
0.404940
0.405262
0.404617
0.402682
0.402682
0.401715
0.400103
0.398813
0.398168
0.397845
0.398168
0.397845
0.396233
0.395588
0.397845
0.395588
0.394621
0.393976
0.393331
0.393331
0.391073
0.392041
0.391718
0.391073
0.390106
0.390106
0.386559
0.389461
0.386881
0.385269
0.385269
0.383979
0.383012
0.383334
0.387526
0.387526
0.389139
0.389139
0.390106
0.392363
0.391396
0.392363
0.392363
0.392686
0.392686
0.393008
0.391718
0.389139
0.380109
0.362696
0.344315
0.328836
0.312390
0.298201
0.283045
0.268856
0.258537
0.248217
0.235319
0.224999
0.215648
0.206618
0.198234
0.188560
0.180820
0.175016
0.167921
0.161150
0.154055
0.149863
0.145348
0.139221
0.133739
0.130192
0.126322
0.122775
0.117938
0.115036
0.112456
0.109554
0.104717
0.102459
0.100524
0.098912
0.095687
0.093108
0.090205
0.089883
0.087948
0.086658
0.084078
0.083433
0.081498
0.080854
0.077951
0.078274
0.077951
0.075694
0.074727
0.074082
0.073759
0.071824
0.071502
0.070857
0.069567
0.069889
0.067955
0.068600
0.066665
0.067310
0.066987
0.066342
0.065697
0.066020
0.064407
0.063762
0.064085
0.063440
0.063440
0.062795
0.062473
0.062473
0.062473
0.063440
0.061828
0.061505
0.062150
0.061828
0.060538
0.060860
0.061828
0.060538
0.060538
0.059893
0.059570
0.059893
0.059893
0.059248
0.059893
0.058603
0.059570
0.059893
0.059570
0.059248
0.059893
0.059248
0.059248
0.058925
0.058925
0.059570
0.059248
0.059248
0.059570
0.059248
0.059893
0.058603
0.059248
0.058280
0.059893
0.057635
0.060860
0.058280
0.058280
0.059570
0.059248
0.058280
0.058925
0.058925
0.059570
0.059248
0.058603
0.058280
0.059893
0.058603
0.057958
0.058925
0.058603
0.059570
0.059570
0.058925
0.058925
0.060215
0.059248
0.058925
0.058603
0.058603
0.059248
0.058603
0.058603
0.059248
0.059570
0.058280
0.059248
0.058925
0.057958
0.059248
0.060215
0.058280
0.058925
0.058603
0.057958
0.058280
0.058925
0.058603
0.058603
0.059248
0.058603
0.058925
0.058603
0.058925
0.058925
0.059248
0.058603
0.057635
0.059570
0.058603
0.059248
0.058925
0.058280
0.058925
0.058280
0.058280
0.058925
0.057635
0.058603
0.058280
0.057635
0.057635
0.059570
0.057958
0.057958
0.058603
0.059248
0.056668
0.058280
0.057635
0.057313
0.058925
0.057958
0.058603
0.057635
0.057958
0.057635
0.058603
0.057635
0.058280
0.058603
0.058925
0.058280
0.058280
0.057635
0.058280
0.058925
0.058603
0.058280
0.057958
0.058280
0.058603
0.059248
0.057958
0.058603
0.059893
0.058280
0.057635
0.057635
0.058603
0.057958
0.058925
0.057313
0.056668
0.058925
0.058925
0.057635
0.058603
0.058925
0.059893
0.057635
0.058280
0.058603
0.059570
0.058603
0.057313
0.058603
0.059248
0.059893
0.057958
0.058280
0.058925
0.058925
0.058603
0.057313
0.058603
0.058925
0.058925
0.057313
0.058925
0.058603
0.059570
0.058603
0.058603
0.058280
0.058925
0.057958
0.059248
0.056668
0.059570
0.057958
0.058280
0.057635
0.059248
0.057958
0.058280
0.057958
0.058280
0.058925
0.058925
0.057958
0.057313
0.058603
0.056990
0.057635
0.057635
0.058280
0.058603
0.057313
0.058280
0.058925
0.057635
0.057313
0.057958
0.057313
0.058280
0.058280
0.057313
0.057635
0.058925
0.056990
0.057958
0.057635
0.058925
0.058280
0.056023
0.058925
0.058280
0.058925
0.057958
0.058280
0.057635
0.058280
0.058925
0.058280
0.057635
0.058280
0.059248
0.058925
0.058603
0.058603
0.057958
0.058603
0.058280
0.058925
0.056990
0.058603
0.058280
0.058925
0.057958
0.058925
0.058603
0.059248
0.058925
0.057958
0.057958
0.059248
0.058280
0.058280
0.057635
0.059570
0.058280
0.057313
0.057313
0.058603
0.058280
0.058603
0.058280
0.058280
0.058603
0.059570
0.057313
0.058280
0.057958
0.058925
0.058280
0.057635
0.058280
0.058925
0.058603
0.057958
0.058280
0.057958
0.057958
0.058925
0.057635
0.058280
0.059248
0.058603
0.057635
0.058280
0.058603
0.058603
0.058603
0.057635
0.058280
0.057635
0.057958
0.059248
0.056990
0.057635
0.057958
0.058280
0.057958
0.058925
0.057958
0.057313
0.058603
0.056990
0.058280
0.058280
0.058280
0.057958
0.058925
0.057958
0.056990
0.057958
0.057958
0.057635
0.058603
0.057958
0.057958
0.057635
0.057635
0.057635
0.058925
0.058280
0.057635
0.057958
0.058280
0.058603
0.057958
0.057958
0.057958
0.059893
0.057313
0.057635
0.058280
0.058280
0.057635
0.058280
0.058603
0.058280
0.058603
0.058925
0.059248
0.058925
0.059248
0.057635
0.059248
0.058925
0.059248
0.057635
0.058925
0.058925
0.058925
0.057958
0.057958
0.058925
0.058280
0.057313
0.058280
0.058280
0.058603
0.059248
0.058280
0.057958
0.059570
0.058603
0.058280
0.056668
0.059570
0.059570
0.058603
0.056990
0.058925
0.058603
0.059248
0.057313
0.058280
0.057958
0.060215
0.057958
0.057635
0.058603
0.058925
0.057958
0.058280
0.058280
0.058280
0.058280
0.056990
0.058280
0.058603
0.058925
0.058280
0.057635
0.058280
0.058925
0.057635
0.057635
0.058925
0.058925
0.057958
0.057635
0.057635
0.058280
0.059893
0.057313
0.057313
0.057635
0.058603
0.057635
0.056990
0.058925
0.058603
0.057958
0.057635
0.058280
0.058280
0.058603
0.057635
0.057958
0.059570
0.058280
0.057958
0.058280
0.058280
0.058603
0.058603
0.057958
0.057313
0.058925
0.057958
0.057313
0.058280
0.058280
0.058603
0.058280
0.057635
0.058280
0.058280
0.059570
0.059248
0.057635
0.058603
0.058603
0.058280
0.057958
0.057958
0.058280
0.058925
0.059248
0.057958
0.058603
0.058280
0.058603
0.058603
0.057958
0.057958
0.059248
0.058603
0.058925
0.057313
0.058925
0.058925
0.059248
0.057958
0.058925
0.059570
0.059248
0.058280
0.057958
0.058603
0.059893
0.058280
0.058280
0.058925
0.058603
0.058280
0.058280
0.057958
0.058280
0.059893
0.058280
0.057313
0.058925
0.058603
0.058603
0.056990
0.058280
0.058280
0.058603
0.057958
0.057958
0.057958
0.058280
0.058925
0.057313
0.057958
0.058603
0.057958
0.058280
0.058280
0.057635
0.058603
0.058925
0.057635
0.058925
0.059248
0.057958
0.058603
0.057635
0.057958
0.057958
0.058925
0.059570
0.058603
0.058280
0.057635
0.058603
0.056990
0.058280
0.057958
0.058603
0.058280
0.058925
0.058280
0.057958
0.057958
0.059248
0.058925
0.057958
0.058603
0.059570
0.058603
0.057958
0.058603
0.058280
0.058280
0.058280
0.058603
0.058280
0.058603
0.058925
0.058280
0.058280
0.060215
0.059248
0.058603
0.058603
0.058925
0.056023
0.059248
0.057958
0.059248
0.059248
0.057635
0.058280
0.059248
0.058603
0.057958
0.059248
0.059248
0.058603
0.058925
0.058280
0.058925
0.058925
0.058925
0.057313
0.057635
0.058603
0.059570
0.058280
0.057313
0.057635
0.058603
0.057635
0.056990
0.058280
0.059248
0.058925
0.057958
0.058280
0.058925
0.058925
0.057958
0.059248
0.057635
0.059248
0.058603
0.057958
0.057958
0.058280
0.059248
0.057635
0.057313
0.058603
0.059248
0.058925
0.057635
0.057313
0.058603
0.058280
0.057313
0.058603
0.057958
0.057313
0.058603
0.057958
0.057958
0.058280
0.058280
0.057958
0.057958
0.057958
0.057635
0.058280
0.058280
0.057958
0.058280
0.058280
0.059570
0.057313
0.056668
0.058280
0.058603
0.058280
0.057635
0.058603
0.058280
0.058280
0.057958
0.058603
0.058280
0.058925
0.058280
0.058603
0.058603
0.058925
0.058280
0.058280
0.058925
0.057958
0.058280
0.058280
0.057313
0.058603
0.056990
0.057635
0.057958
0.058280
0.058925
0.057313
0.057635
0.058925
0.058280
0.058603
0.057635
0.060538
0.056990
0.058925
0.057958
0.058603
0.058603
0.059570
0.057635
0.057958
0.058280
0.058603
0.058603
0.057313
0.057313
0.059570
0.058603
0.056990
0.057958
0.058603
0.058280
0.057958
0.057635
0.058603
0.058280
0.057958
0.056990
0.058603
0.059248
0.058603
0.057958
0.057635
0.058280
0.058925
0.057958
0.057635
0.058925
0.058925
0.056990
0.057958
0.058603
0.058603
0.057635
0.057635
0.057313
0.059248
0.057958
0.058280
0.058603
0.058280
0.058280
0.058280
0.058280
0.058280
0.058925
0.058280
0.058925
0.058925
0.058603
0.057958
0.058925
0.058603
0.058925
0.057635
0.058603
0.058603
0.059248
0.057958
0.058280
0.058925
0.058603
0.058280
0.058603
0.058603
0.058280
0.058603
0.058603
0.058925
0.058603
0.058925
0.058280
0.058280
0.059893
0.058603
0.057635
0.058280
0.058603
0.058603
0.058280
0.058280
0.059570
0.058603
0.059248
0.058280
0.058280
0.058280
0.058925
0.057635
0.057958
0.058925
0.058603
0.058280
0.057958
0.057958
0.058603
0.056990
0.057635
0.058925
0.058280
0.058280
0.056668
0.058603
0.057958
0.058925
0.057635
0.057958
0.058280
0.058925
0.059248
0.057958
0.057958
0.058925
0.059248
0.057958
0.058280
0.057958
0.059248
0.058280
0.058925
0.057635
0.058603
0.058603
0.058925
0.057958
0.058603
0.057958
0.057635
0.058280
0.058280
0.057958
0.059248
0.059893
0.058603
0.059248
0.059570
0.058603
0.059893
0.056990
0.058603
0.058603
0.058603
0.058280
0.056668
0.058280
0.058925
0.059570
0.057958
0.058280
0.059248
0.059248
0.058603
0.058280
0.058280
0.058925
0.058603
0.057313
0.058280
0.057313
0.059570
0.058280
0.057958
0.058603
0.059248
0.058603
0.056990
0.059570
0.058603
0.059248
0.058925
0.058280
0.057958
0.059248
0.056668
0.058280
0.058280
0.059248
0.058603
0.057958
0.057958
0.060215
0.058925
0.057958
0.058603
0.059248
0.058603
0.058603
0.058603
0.058280
0.058603
0.058603
0.057313
0.058280
0.058603
0.058280
0.057958
0.057635
0.058925
0.057958
0.058280
0.058280
0.058280
0.059570
0.058925
0.058925
0.058280
0.058925
0.057313
0.059570
0.058280
0.057958
0.058603
0.058603
0.057958
0.058603
0.058280
0.058925
0.058280
0.058603
0.058280
0.059248
0.058280
0.058280
0.058280
0.057958
0.058603
0.058603
0.057958
0.058280
0.058925
0.057958
0.058925
0.057635
0.058603
0.058925
0.058603
0.057635
0.059248
0.058603
0.058925
0.058280
0.058603
0.059248
0.059248
0.058603
0.057313
0.056990
0.058603
0.058603
0.057313
0.058603
0.059570
0.058925
0.058603
0.058280
0.059570
0.058603
0.059248
0.057958
0.058603
0.058603
0.058603
0.057635
0.058280
0.058603
0.058925
0.057313
0.058925
0.057958
0.058925
0.058925
0.058603
0.058280
0.059248
0.058925
0.058280
0.058280
0.058280
0.059248
0.058280
0.057313
0.059570
0.060215
0.058280
0.057635
0.059248
0.058280
0.058925
0.057635
0.057635
0.058925
0.058280
0.057635
0.058925
0.057958
0.058925
0.058603
0.057635
0.057313
0.059570
0.057635
0.057958
0.057635
0.058925
0.057958
0.058603
0.057635
0.058280
0.058603
0.058280
0.058280
0.058603
0.058280
0.059248
0.058925
0.058925
0.057635
0.057635
0.059248
0.057635
0.058280
0.057958
0.057958
0.058603
0.057958
0.057958
0.057958
0.058603
0.058280
0.058280
0.058280
0.058280
0.059248
0.058603
0.057313
0.058603
0.059248
0.058280
0.057958
0.057958
0.057958
0.059248
0.057635
0.057958
0.058925
0.058603
0.057958
0.058280
0.058280
0.057958
0.059248
0.057958
0.058925
0.058925
0.056668
0.058280
0.058280
0.057958
0.058280
0.058280
0.057958
0.057958
0.057958
0.057958
0.058925
0.058280
0.058925
0.058925
0.057313
0.057313
0.059248
0.059248
0.057635
0.057635
0.059248
0.058280
0.058603
0.057313
0.057958
0.058280
0.058280
0.058280
0.057958
0.058280
0.058603
0.057313
0.058603
0.057958
0.058603
0.058280
0.059893
0.056668
0.059248
0.057313
0.058603
0.058280
0.058603
0.058280
0.058603
0.058925
0.058925
0.058280
0.057958
0.059248
0.058603
0.057635
0.058925
0.058280
0.058603
0.058925
0.056990
0.058280
0.058925
0.058925
0.057958
0.058280
0.059248
0.058925
0.057958
0.056990
0.059570
0.058925
0.058925
0.058280
0.058280
0.060215
0.059893
0.056990
0.057958
0.058925
0.058925
0.058603
0.057958
0.057958
0.059248
0.057635
0.057958
0.058280
0.058925
0.058280
0.057635
0.058280
0.058925
0.058280
0.057635
0.058603
0.057958
0.058925
0.057958
0.057313
0.057958
0.058603
0.057313
0.058603
0.057313
0.058925
0.059248
0.058280
0.057635
0.058925
0.058280
0.058280
0.056990
0.059893
0.057958
0.057958
0.057958
0.058280
0.058280
0.057313
0.058280
0.058603
0.057958
0.058280
0.057958
0.057958
0.057958
0.058603
0.057635
0.057635
0.058280
0.057958
0.057635
0.057958
0.057635
0.057635
0.057958
0.057958
0.057958
0.057635
0.058280
0.058603
0.058280
0.057958
0.058603
0.058603
0.058280
0.059248
0.056668
0.057313
0.058280
0.058925
0.057635
0.058280
0.058603
0.057958
0.058925
0.057635
0.057958
0.058280
0.058280
0.058280
0.057958
0.058603
0.058603
0.058280
0.057313
0.059248
0.059248
0.059248
0.058280
0.058280
0.059893
0.058280
0.058280
0.057958
0.058603
0.058925
0.058280
0.058280
0.058603
0.059893
0.058280
0.058603
0.056668
0.059893
0.058925
0.056990
0.057635
0.058925
0.058280
0.057313
0.058280
0.058280
0.058603
0.059248
0.058280
0.057958
0.058603
0.057635
0.058925
0.056990
0.058603
0.058925
0.057313
0.057958
0.058280
0.058280
0.057958
0.058603
0.058603
0.058603
0.057635
0.058280
0.058603
0.058603
0.058280
0.058280
0.058603
0.058280
0.056990
0.058925
0.059570
0.057958
0.058280
0.057958
0.057958
0.058603
0.058280
0.056990
0.058280
0.057313
0.057958
0.057958
0.058280
0.057635
0.059893
0.058280
0.057958
0.058925
0.059248
0.057635
0.057958
0.058280
0.058925
0.057958
0.057958
0.057635
0.058603
0.058280
0.058280
0.058280
0.058603
0.058280
0.059570
0.057313
0.058603
0.059893
0.058280
0.056990
0.058925
0.059248
0.058603
0.058280
0.058603
0.058603
0.059570
0.058280
0.057958
0.058280
0.059248
0.058925
0.058603
0.057635
0.059570
0.058925
0.057635
0.057635
0.058603
0.058280
0.057958
0.058280
0.057958
0.058603
0.059248
0.058280
0.057958
0.058603
0.057635
0.059570
0.057958
0.058603
0.060215
0.057958
0.057958
0.059248
0.058280
0.058280
0.058925
0.058280
0.057635
0.058280
0.058925
0.058280
0.058280
0.057313
0.056346
0.058280
0.057958
0.057313
0.057313
0.058603
0.058280
0.058280
0.057313
0.057635
0.058603
0.058280
0.056990
0.057635
0.057635
0.058603
0.057635
0.058603
0.058280
0.059570
0.057635
0.057313
0.059570
0.058925
0.057313
0.057958
0.058280
0.058280
0.057958
0.057958
0.057635
0.059248
0.057958
0.058280
0.058925
0.058925
0.058280
0.058280
0.057958
0.057635
0.058280
0.057958
0.056990
0.058280
0.058925
0.058603
0.057958
0.059248
0.059248
0.059248
0.057313
0.057958
0.058280
0.058925
0.057313
0.059248
0.057635
0.058603
0.059248
0.058925
0.057958
0.058925
0.058280
0.058603
0.057958
0.058603
0.057958
0.059248
0.057958
0.058603
0.058925
0.058280
0.058603
0.058280
0.058280
0.058925
0.058603
0.058280
0.058603
0.058280
0.058280
0.058925
0.058925
0.056990
0.058280
0.058603
0.058280
0.057635
0.057958
0.057958
0.059248
0.057958
0.058280
0.058280
0.056668
0.057635
0.059248
0.057958
0.058603
0.058280
0.056990
0.057958
0.057958
0.057958
0.058280
0.057313
0.057958
0.058280
0.058603
0.053766
0.068922
0.088270
0.105362
0.120518
0.136642
0.150185
0.161794
0.174693
0.186302
0.197267
0.207908
0.217905
0.227257
0.235641
0.244993
0.251442
0.259827
0.265954
0.273370
0.279175
0.281432
0.288204
0.293041
0.297556
0.302716
0.306908
0.310777
0.314002
0.317549
0.319807
0.323354
0.326256
0.327869
0.330448
0.332706
0.338833
0.337220
0.338188
0.338510
0.340767
0.341090
0.340767
0.343347
0.343347
0.344315
0.345282
0.346250
0.347539
0.348184
0.347862
0.349152
0.350442
0.351087
0.351409
0.352377
0.351087
0.352377
0.351409
0.352377
0.352377
0.350119
0.349797
0.349474
0.350442
0.350119
0.350764
0.349474
0.350119
0.351087
0.351409
0.352699
0.351087
0.353022
0.352054
0.351732
0.351409
0.351732
0.351732
0.352377
0.350119
0.349474
0.350764
0.350764
0.350119
0.349474
0.351409
0.351409
0.350764
0.349474
0.350119
0.349474
0.348829
0.350764
0.348507
0.348184
0.348829
0.348507
0.348184
0.348829
0.347862
0.347217
0.347217
0.347217
0.346572
0.347217
0.342702
0.345927
0.348184
0.348184
0.349474
0.349152
0.348507
0.347217
0.346895
0.347217
0.346250
0.346895
0.346895
0.345605
0.345605
0.345927
0.346572
0.344637
0.344637
0.344960
0.343670
0.342702
0.342702
0.343992
0.343347
0.343347
0.344637
0.344637
0.343992
0.343992
0.343025
0.341735
0.343025
0.342702
0.341735
0.338833
0.342380
0.341090
0.339155
0.338833
0.337543
0.337220
0.336575
0.337220
0.338510
0.338188
0.337865
0.338510
0.339478
0.339155
0.338510
0.338188
0.339155
0.340445
0.339478
0.340445
0.341090
0.339800
0.342380
0.340445
0.341090
0.342702
0.340767
0.341412
0.339800
0.341735
0.340445
0.340767
0.339478
0.342702
0.344315
0.342057
0.341412
0.341735
0.341735
0.343025
0.341412
0.343347
0.343670
0.345927
0.343670
0.344637
0.343992
0.346250
0.343025
0.344637
0.345605
0.346250
0.345282
0.346895
0.345927
0.347539
0.347539
0.347862
0.350119
0.348184
0.350119
0.349797
0.349797
0.350764
0.349797
0.346895
0.348507
0.349152
0.348829
0.353022
0.350119
0.349152
0.349474
0.349797
0.348829
0.348829
0.350442
0.348829
0.348184
0.349152
0.350442
0.350119
0.349474
0.350442
0.351087
0.350119
0.347539
0.348829
0.349152
0.350764
0.350119
0.350442
0.349474
0.352377
0.351409
0.351732
0.351087
0.352377
0.353022
0.352054
0.352054
0.352377
0.351732
0.353989
0.355924
0.353666
0.355279
0.354956
0.354634
0.354634
0.354634
0.354311
0.354311
0.354956
0.354956
0.353666
0.354311
0.355279
0.354634
0.354956
0.356569
0.356246
0.356569
0.356246
0.357214
0.355601
0.356891
0.356569
0.356891
0.357536
0.357536
0.357214
0.358181
0.356891
0.359471
0.358181
0.359793
0.360761
0.357859
0.359793
0.361728
0.362373
0.361728
0.361728
0.363018
0.362373
0.361406
0.362051
0.363341
0.362051
0.363018
0.363018
0.363018
0.363341
0.363341
0.363341
0.363341
0.362373
0.362051
0.361728
0.361406
0.362051
0.363341
0.361406
0.363986
0.362696
0.363663
0.363018
0.363663
0.360116
0.360438
0.358826
0.359149
0.355924
0.360761
0.360761
0.361406
0.361083
0.364631
0.364308
0.363341
0.363663
0.365598
0.364953
0.364631
0.364631
0.365276
0.365276
0.364631
0.364631
0.365276
0.365920
0.366243
0.365276
0.366565
0.365920
0.366565
0.367210
0.366565
0.368500
0.368823
0.368178
0.368823
0.370435
0.370435
0.370113
0.370758
0.370758
0.370113
0.370113
0.371080
0.371725
0.372370
0.372047
0.370113
0.371080
0.370435
0.370435
0.370113
0.370758
0.371080
0.371725
0.371080
0.371725
0.371725
0.372047
0.372370
0.370435
0.370435
0.371725
0.372692
0.371403
0.371080
0.372370
0.372047
0.371725
0.371403
0.370435
0.371080
0.371080
0.370758
0.371403
0.371725
0.373982
0.371725
0.372047
0.371725
0.373015
0.371403
0.372370
0.371725
0.371725
0.371403
0.369790
0.368500
0.368500
0.369468
0.369468
0.369468
0.371080
0.371403
0.373015
0.373015
0.373660
0.375272
0.375272
0.374950
0.375272
0.376240
0.376885
0.375917
0.377530
0.377852
0.376885
0.375595
0.375595
0.376885
0.376240
0.376885
0.376240
0.376562
0.376240
0.374950
0.375595
0.375595
0.376240
0.375595
0.375595
0.375595
0.376885
0.376562
0.374627
0.375595
0.375595
0.376885
0.376240
0.376562
0.377530
0.378819
0.377530
0.377852
0.378497
0.378174
0.377530
0.377530
0.377852
0.379142
0.378174
0.378497
0.378497
0.378819
0.377530
0.378497
0.378497
0.377530
0.376885
0.377207
0.376885
0.378174
0.377530
0.376885
0.377852
0.378174
0.378174
0.377530
0.381399
0.378174
0.378819
0.377530
0.375595
0.377207
0.376562
0.376240
0.375595
0.375595
0.375272
0.374305
0.372370
0.373660
0.372370
0.374627
0.373337
0.374305
0.374950
0.375917
0.376885
0.376562
0.377207
0.378497
0.379464
0.377530
0.378497
0.378819
0.377207
0.377530
0.376562
0.377207
0.377852
0.378174
0.373337
0.379142
0.379464
0.378819
0.378497
0.378497
0.377852
0.378497
0.376885
0.379142
0.378497
0.379787
0.379142
0.379142
0.380432
0.381399
0.380432
0.380754
0.381077
0.380109
0.382044
0.378819
0.379464
0.380432
0.380109
0.379464
0.379464
0.381077
0.381399
0.380754
0.380754
0.381399
0.382044
0.381399
0.381077
0.379787
0.381399
0.382044
0.379464
0.380109
0.381077
0.381077
0.381077
0.379464
0.378497
0.380432
0.379142
0.378497
0.378819
0.379142
0.378174
0.377852
0.377207
0.378174
0.378819
0.376562
0.375917
0.376562
0.377207
0.376885
0.376885
0.375595
0.377207
0.377530
0.377207
0.378174
0.379464
0.377530
0.376240
0.377852
0.380109
0.376885
0.376885
0.376240
0.378174
0.379142
0.378174
0.378174
0.379142
0.380754
0.380754
0.380109
0.379142
0.381722
0.382689
0.382044
0.382044
0.382367
0.383334
0.382044
0.383012
0.381722
0.384946
0.382367
0.381722
0.382044
0.382367
0.382367
0.382367
0.383657
0.383657
0.383334
0.383979
0.384301
0.384624
0.384946
0.385591
0.385591
0.385914
0.385591
0.384624
0.383979
0.384301
0.383657
0.383334
0.383012
0.384301
0.387204
0.382689
0.383012
0.383334
0.383012
0.383979
0.382689
0.382689
0.382044
0.383657
0.379787
0.382367
0.381722
0.381722
0.382367
0.380754
0.380432
0.382689
0.381077
0.380432
0.380754
0.380432
0.380754
0.380754
0.380754
0.380432
0.379787
0.378174
0.378497
0.376885
0.378174
0.378174
0.376885
0.376562
0.373337
0.377207
0.377530
0.376562
0.377852
0.376885
0.376885
0.376562
0.376562
0.376240
0.377207
0.374950
0.378174
0.378174
0.377530
0.378497
0.379787
0.378819
0.380109
0.379142
0.379787
0.379142
0.379142
0.377207
0.378174
0.379142
0.378819
0.379142
0.380754
0.380109
0.380109
0.380432
0.381399
0.382044
0.383012
0.383334
0.383334
0.383012
0.383657
0.384301
0.383979
0.384624
0.384301
0.384946
0.386236
0.384624
0.386881
0.382689
0.383657
0.384624
0.385591
0.384946
0.384624
0.384301
0.384946
0.384946
0.383657
0.383657
0.384301
0.383012
0.383012
0.381722
0.381722
0.379787
0.379787
0.379464
0.379787
0.378497
0.378819
0.378174
0.378174
0.379142
0.379464
0.378174
0.379464
0.378819
0.376885
0.376562
0.376240
0.376885
0.377530
0.375917
0.378497
0.377852
0.375917
0.375595
0.375272
0.373015
0.373982
0.374950
0.373660
0.373337
0.374950
0.373982
0.373982
0.374627
0.373982
0.375272
0.374305
0.374627
0.374305
0.374950
0.374950
0.374627
0.375272
0.375272
0.375917
0.374950
0.373982
0.373660
0.373660
0.374305
0.373337
0.375595
0.375272
0.375917
0.374627
0.378174
0.375272
0.377207
0.375917
0.376885
0.378497
0.378497
0.377207
0.377207
0.376885
0.378174
0.377852
0.377530
0.377530
0.377530
0.376885
0.377207
0.376885
0.377852
0.378497
0.376562
0.375272
0.375272
0.375272
0.375595
0.373660
0.373337
0.373982
0.373015
0.373015
0.371725
0.371403
0.371080
0.369468
0.375917
0.370113
0.369145
0.371725
0.369790
0.370113
0.371403
0.370113
0.368823
0.370113
0.370435
0.368823
0.366565
0.369468
0.368500
0.369468
0.369468
0.368500
0.370758
0.370758
0.369145
0.368500
0.370435
0.368500
0.368178
0.367210
0.368500
0.367855
0.367855
0.367210
0.368823
0.366888
0.368500
0.367533
0.369145
0.368178
0.369468
0.367855
0.366888
0.369145
0.368500
0.367855
0.368500
0.366888
0.368178
0.366565
0.366565
0.370435
0.368178
0.368178
0.367855
0.368178
0.368823
0.368178
0.368178
0.368178
0.368500
0.370113
0.369790
0.370758
0.369790
0.370113
0.369468
0.368500
0.368823
0.369145
0.369468
0.367855
0.368178
0.369145
0.368823
0.367533
0.367855
0.368823
0.368178
0.367210
0.367855
0.368823
0.367855
0.368500
0.367210
0.366565
0.370435
0.366888
0.367533
0.366888
0.366888
0.366888
0.367533
0.367210
0.367210
0.367533
0.365920
0.365598
0.364308
0.365276
0.365276
0.365276
0.364308
0.365276
0.365276
0.365276
0.364308
0.364953
0.364953
0.363986
0.364308
0.365920
0.364631
0.365920
0.362373
0.365920
0.364308
0.366565
0.364631
0.365598
0.361083
0.364308
0.363663
0.365276
0.363018
0.365598
0.363986
0.364308
0.364631
0.365920
0.363663
0.364308
0.363018
0.365598
0.363018
0.364308
0.363341
0.363986
0.366888
0.366243
0.363986
0.366565
0.365598
0.366243
0.365598
0.365920
0.366888
0.368178
0.368178
0.367533
0.368178
0.368500
0.368178
0.369468
0.368823
0.369145
0.368823
0.368178
0.369145
0.368500
0.367210
0.367855
0.366243
0.367533
0.366888
0.365920
0.365598
0.369790
0.366243
0.364631
0.365276
0.364308
0.363341
0.364631
0.363341
0.363341
0.363663
0.362696
0.363986
0.360438
0.360438
0.360438
0.359471
0.359471
0.360116
0.359149
0.361406
0.362051
0.363986
0.363986
0.363986
0.364953
0.365920
0.366243
0.367210
0.367210
0.365920
0.366888
0.367855
0.367855
0.366888
0.365598
0.369790
0.369790
0.369790
0.369790
0.370758
0.369790
0.372047
0.371725
0.370758
0.369790
0.371080
0.371725
0.371403
0.370113
0.370113
0.370758
0.371725
0.371080
0.369790
0.371725
0.370758
0.371403
0.369790
0.369468
0.370113
0.369468
0.371403
0.368823
0.368178
0.368823
0.369145
0.368178
0.368500
0.367210
0.372692
0.367210
0.368178
0.367533
0.366888
0.366888
0.367855
0.367533
0.367210
0.367210
0.367210
0.367210
0.364308
0.365598
0.366888
0.366565
0.366565
0.365920
0.365920
0.364953
0.366565
0.364631
0.365598
0.365276
0.365598
0.364953
0.362373
0.363018
0.362696
0.362373
0.362696
0.362051
0.362696
0.362696
0.363018
0.363341
0.364308
0.365276
0.362696
0.363018
0.364631
0.364953
0.364953
0.364308
0.366888
0.367855
0.367855
0.370758
0.368500
0.368178
0.369790
0.368823
0.369468
0.369145
0.370113
0.369468
0.370113
0.368500
0.368823
0.368823
0.368178
0.367533
0.368178
0.367855
0.367855
0.366888
0.366888
0.366888
0.365276
0.365920
0.366243
0.366888
0.365598
0.365276
0.365276
0.365276
0.365598
0.365276
0.364953
0.365598
0.365598
0.363663
0.365276
0.365598
0.365920
0.366243
0.364953
0.366565
0.365920
0.366243
0.365276
0.363341
0.366565
0.364953
0.364308
0.364631
0.364308
0.366243
0.364308
0.363341
0.363018
0.364308
0.363341
0.362373
0.362696
0.362051
0.362051
0.362696
0.360761
0.359793
0.358181
0.358181
0.358181
0.356569
0.354956
0.357536
0.357859
0.358181
0.359793
0.359471
0.357859
0.361406
0.361728
0.362696
0.362373
0.362373
0.361406
0.365920
0.358504
0.362696
0.363018
0.363986
0.364631
0.362696
0.362696
0.363018
0.362696
0.363663
0.362051
0.362373
0.363018
0.362051
0.361406
0.362373
0.361728
0.361083
0.361728
0.362696
0.363018
0.362373
0.363341
0.364631
0.365920
0.364308
0.363986
0.363986
0.364308
0.365276
0.363986
0.364308
0.363986
0.363663
0.366565
0.365920
0.364953
0.364953
0.364631
0.363986
0.363663
0.363986
0.365920
0.365598
0.365276
0.365276
0.366243
0.365276
0.366888
0.365598
0.366565
0.365920
0.366565
0.366565
0.366565
0.366243
0.365598
0.365276
0.365920
0.365920
0.364631
0.364631
0.363986
0.362373
0.363018
0.359793
0.361083
0.361083
0.359149
0.363986
0.361083
0.360116
0.360761
0.360761
0.360761
0.362696
0.362696
0.361406
0.361406
0.361728
0.362373
0.362373
0.362373
0.361728
0.363018
0.363341
0.363018
0.363018
0.363018
0.364631
0.363986
0.363341
0.363986
0.364953
0.365920
0.365598
0.366243
0.365920
0.365920
0.366888
0.367855
0.367210
0.366565
0.365920
0.367533
0.367533
0.367210
0.366243
0.367533
0.367533
0.368178
0.367855
0.367210
0.368823
0.369468
0.367855
0.372370
0.368500
0.369468
0.369790
0.368178
0.366888
0.366565
0.365598
0.365598
0.364631
0.364631
0.364631
0.365276
0.364953
0.364308
0.362696
0.362696
0.362051
0.361728
0.361083
0.360438
0.359149
0.359149
0.360438
0.360761
0.357214
0.358181
0.358826
0.358826
0.358504
0.356569
0.357859
0.355924
0.357859
0.353989
0.354311
0.354311
0.354634
0.354634
0.354956
0.355279
0.355601
0.355601
0.356569
0.355279
0.356569
0.358181
0.357536
0.359471
0.358181
0.357536
0.357859
0.358181
0.358826
0.359149
0.359471
0.358826
0.360438
0.359471
0.360116
0.358504
0.359793
0.358504
0.359793
0.357859
0.358826
0.359471
0.361728
0.361406
0.363663
0.362373
0.363986
0.362051
0.363018
0.362696
0.364308
0.363986
0.362373
0.362373
0.363341
0.363018
0.363663
0.362696
0.363663
0.364631
0.365276
0.363663
0.363986
0.365920
0.365920
0.365276
0.364631
0.363018
0.364953
0.363341
0.361728
0.363986
0.363018
0.363018
0.363341
0.363018
0.362696
0.363018
0.363663
0.363986
0.364953
0.363663
0.363341
0.363663
0.362373
0.362051
0.359793
0.360116
0.361083
0.360438
0.359793
0.362051
0.358826
0.359471
0.358181
0.358181
0.357859
0.359471
0.359149
0.358504
0.360116
0.360116
0.359793
0.360761
0.361728
0.362373
0.361083
0.360116
0.360438
0.360761
0.361083
0.362051
0.360438
0.360761
0.362373
0.363341
0.362373
0.362696
0.363986
0.363341
0.362696
0.362696
0.363341
0.363341
0.361728
0.364308
0.362051
0.362696
0.363018
0.363018
0.363986
0.363663
0.362696
0.363341
0.366243
0.363341
0.364631
0.363663
0.363018
0.361083
0.361083
0.362373
0.361728
0.363018
0.362696
0.363018
0.361728
0.362696
0.363341
0.364953
0.360761
0.361728
0.361083
0.362051
0.359149
0.360116
0.360438
0.361406
0.358826
0.360761
0.359793
0.358181
0.358826
0.357536
0.357536
0.357859
0.357536
0.357536
0.355924
0.355601
0.355279
0.356569
0.352377
0.354311
0.353022
0.351087
0.351732
0.351732
0.353344
0.352377
0.352377
0.352377
0.353666
0.354311
0.353989
0.355601
0.355924
0.355601
0.355279
0.355924
0.356246
0.355924
0.355279
0.355279
0.356569
0.356246
0.357536
0.356246
0.357859
0.357214
0.356891
0.357214
0.356891
0.358181
0.359471
0.359471
0.358826
0.361728
0.360438
0.360438
0.358504
0.356246
0.361083
0.361083
0.359149
0.360116
0.361083
0.361083
0.360761
0.359793
0.360438
0.360438
0.360438
0.360116
0.360761
0.360438
0.360438
0.361083
0.362373
0.361083
0.361406
0.360116
0.362696
0.362373
0.363018
0.362696
0.363018
0.362373
0.363341
0.363663
0.363018
0.359149
0.362696
0.363341
0.363018
0.363018
0.363341
0.364308
0.361728
0.360438
0.360438
0.359793
0.358826
0.359471
0.358181
0.359471
0.358181
0.355279
0.357214
0.356246
0.356569
0.355601
0.356569
0.356246
0.356569
0.355924
0.356891
0.355601
0.356246
0.356246
0.356891
0.356246
0.357859
0.359149
0.358826
0.357214
0.360116
0.358826
0.359149
0.357859
0.359149
0.360116
0.360438
0.358181
0.359793
0.358504
0.358826
0.358181
0.359793
0.358826
0.359471
0.358504
0.360116
0.360116
0.358826
0.359793
0.360761
0.359471
0.360116
0.360438
0.360438
0.360761
0.360116
0.361406
0.361406
0.361406
0.362373
0.361728
0.362051
0.361406
0.363018
0.364308
0.362373
0.362696
0.362696
0.363018
0.361406
0.360116
0.364308
0.363018
0.361083
0.360116
0.359471
0.363663
0.358504
0.358504
0.358504
0.358181
0.358181
0.358826
0.357214
0.356569
0.357536
0.357859
0.356891
0.356891
0.356246
0.355924
0.354634
0.354634
0.352054
0.352377
0.350764
0.352054
0.351087
0.352054
0.351087
0.350764
0.353022
0.353344
0.351732
0.352377
0.352699
0.356891
0.355924
0.354956
0.355924
0.360761
0.355924
0.354956
0.355924
0.356891
0.355601
0.356891
0.356246
0.357536
0.357536
0.358181
0.358504
0.357536
0.359793
0.360116
0.359149
0.360761
0.360116
0.361406
0.360761
0.360116
0.361406
0.362051
0.361728
0.361083
0.362373
0.362696
0.362696
0.363018
0.361083
0.363018
0.361406
0.362051
0.362373
0.362051
0.360761
0.361083
0.360761
0.361406
0.362696
0.361728
0.361406
0.362051
0.361083
0.361083
0.360438
0.360116
0.363986
0.358826
0.358181
0.359471
0.359793
0.359793
0.359793
0.359471
0.360438
0.360116
0.360116
0.358504
0.358826
0.359471
0.359471
0.359149
0.359149
0.360438
0.358826
0.359149
0.356569
0.355924
0.356569
0.355279
0.353989
0.354634
0.354956
0.354956
0.355601
0.354634
0.355924
0.357214
0.356246
0.355924
0.355279
0.357859
0.358181
0.357859
0.358826
0.358826
0.359149
0.358504
0.359793
0.359471
0.359149
0.359793
0.360761
0.359149
0.360761
0.358826
0.360116
0.359793
0.360116
0.358826
0.360761
0.358826
0.360761
0.361083
0.361728
0.360438
0.361083
0.360761
0.360761
0.359793
0.360761
0.359793
0.359471
0.359149
0.359471
0.362696
0.359471
0.359471
0.361083
0.360438
0.359793
0.360116
0.360761
0.358826
0.359471
0.358181
0.357859
0.357859
0.357536
0.355924
0.355924
0.356246
0.354956
0.356246
0.353989
0.354956
0.355279
0.353022
0.353344
0.353666
0.354311
0.354634
0.353344
0.353344
0.353022
0.354956
0.352377
0.353989
0.353666
0.351732
0.352054
0.353022
0.353022
0.353666
0.352377
0.352377
0.353022
0.353022
0.352699
0.353666
0.354634
0.355279
0.359149
0.354956
0.354956
0.355924
0.355601
0.353989
0.354311
0.354634
0.355279
0.354956
0.353989
0.354311
0.356246
0.355601
0.352699
0.354956
0.355601
0.357214
0.357214
0.356569
0.356246
0.357536
0.356891
0.356569
0.357214
0.357536
0.357536
0.357859
0.357214
0.358504
0.358826
0.358826
0.358504
0.359149
0.356569
0.360116
0.359793
0.359471
0.360116
0.359149
0.358504
0.358504
0.359149
0.360116
0.357536
0.359149
0.359471
0.359793
0.359793
0.360438
0.359471
0.360116
0.358504
0.359793
0.360116
0.358826
0.357536
0.359149
0.358504
0.360438
0.358826
0.359471
0.359149
0.361406
0.358826
0.359149
0.360438
0.359793
0.358826
0.358504
0.357536
0.356246
0.356246
0.356569
0.357214
0.355279
0.355601
0.356891
0.355924
0.357214
0.356569
0.361406
0.357536
0.358181
0.358181
0.358181
0.359471
0.360116
0.360116
0.359149
0.358181
0.358504
0.359149
0.358504
0.359149
0.359793
0.360116
0.361083
0.361406
0.361406
0.362051
0.361083
0.360116
0.359793
0.360761
0.360116
0.360116
0.359149
0.359471
0.359793
0.360438
0.358504
0.359471
0.359149
0.359471
0.359149
0.359149
0.358504
0.361083
0.360116
0.358826
0.359471
0.360438
0.360438
0.360438
0.360116
0.361083
0.359471
0.359471
0.359149
0.359471
0.358826
0.358504
0.356891
0.356891
0.356891
0.356246
0.356246
0.355924
0.354634
0.355601
0.353666
0.354311
0.354311
0.355279
0.353344
0.353344
0.351732
0.353344
0.350119
0.351087
0.351732
0.352377
0.351087
0.350119
0.350119
0.351409
0.349797
0.348829
0.349152
0.349474
0.349474
0.354634
0.351732
0.352699
0.353022
0.352699
0.353989
0.354634
0.355601
0.355279
0.353344
0.354311
0.355279
0.355601
0.356246
0.354634
0.354956
0.355279
0.356569
0.354956
0.356246
0.357214
0.355924
0.356891
0.358826
0.358826
0.359471
0.358826
0.359471
0.360116
0.359471
0.359471
0.362051
0.362051
0.361083
0.358826
0.363018
0.362373
0.363018
0.362051
0.362696
0.362696
0.363663
0.363018
0.363341
0.362696
0.363341
0.362696
0.362051
0.362696
0.362051
0.361728
0.361406
0.361728
0.362051
0.364308
0.362373
0.362373
0.363986
0.361406
0.363018
0.360761
0.361083
0.361406
0.361083
0.360438
0.361406
0.361083
0.360438
0.361083
0.363663
0.360761
0.360116
0.360438
0.360438
0.359471
0.358826
0.357536
0.357859
0.357859
0.358504
0.358181
0.358504
0.357859
0.358181
0.357859
0.357536
0.356891
0.359793
0.358181
0.358181
0.358504
0.358826
0.359149
0.360438
0.357536
0.359149
0.360761
0.359471
0.358826
0.360761
0.360761
0.361083
0.360761
0.360761
0.361083
0.362051
0.362051
0.362696
0.361728
0.362696
0.363341
0.362051
0.361728
0.362051
0.363018
0.361406
0.364631
0.362051
0.363018
0.361728
0.361083
0.361406
0.363341
0.362373
0.362696
0.362373
0.362051
0.363018
0.360761
0.363663
0.362373
0.362051
0.361728
0.362051
0.362373
0.361728
0.361083
0.360438
0.360761
0.358504
0.359149
0.356891
0.357536
0.356891
0.357536
0.356569
0.356891
0.355924
0.356569
0.355601
0.351409
0.353344
0.355279
0.353666
0.353022
0.351732
0.353344
0.352377
0.351732
0.350119
0.349797
0.350764
0.349474
0.350764
0.349797
0.350764
0.351409
0.353022
0.352377
0.352699
0.354956
0.353989
0.354634
0.355279
0.354634
0.355601
0.355601
0.354956
0.355601
0.355279
0.355924
0.356246
0.357536
0.355924
0.357536
0.357536
0.357536
0.358826
0.359149
0.359471
0.361406
0.359793
0.360116
0.360116
0.362051
0.359471
0.360116
0.363018
0.362696
0.364308
0.359149
0.361728
0.363341
0.363341
0.363018
0.363663
0.364308
0.365276
0.364308
0.364953
0.364953
0.364953
0.364953
0.364953
0.363663
0.363663
0.363018
0.364308
0.363018
0.363986
0.363341
0.363663
0.364631
0.363986
0.364631
0.363986
0.364308
0.365276
0.364953
0.364953
0.363341
0.362373
0.364953
0.364308
0.361406
0.366565
0.365276
0.364953
0.364631
0.365276
0.364308
0.364953
0.362373
0.361728
0.362373
0.361728
0.360438
0.362051
0.360116
0.361728
0.360761
0.362373
0.363018
0.363663
0.363341
0.363018
0.363018
0.363663
0.364631
0.364308
0.362373
0.364631
0.364308
0.362696
0.363018
0.364308
0.363986
0.362373
0.363341
0.362373
0.364953
0.363341
0.363018
0.363663
0.362696
0.363018
0.363018
0.364308
0.362696
0.365920
0.364631
0.364631
0.366243
0.367210
0.364953
0.365598
0.366888
0.366565
0.365920
0.366243
0.365920
0.366565
0.367210
0.365598
0.365598
0.366565
0.366565
0.365276
0.363663
0.363663
0.364308
0.364308
0.363018
0.363663
0.363663
0.361406
0.360438
0.360438
0.360116
0.360438
0.358826
0.358181
0.356891
0.358826
0.358181
0.358826
0.357859
0.358181
0.356569
0.356891
0.358181
0.357536
0.356569
0.356891
0.356246
0.353666
0.353666
0.352699
0.352699
0.351087
0.352699
0.351409
0.352054
0.353666
0.353989
0.353989
0.354956
0.356246
0.356246
0.354956
0.357536
0.355924
0.355279
0.355924
0.355601
0.355924
0.356569
0.357214
0.357214
0.358181
0.358504
0.359149
0.358826
0.359471
0.360116
0.360438
0.361728
0.361406
0.361406
0.362373
0.364953
0.362051
0.363986
0.364308
0.363986
0.363986
0.364953
0.364308
0.365920
0.365598
0.365598
0.366243
0.366565
0.364631
0.368823
0.364308
0.367210
0.366565
0.365598
0.365276
0.366243
0.365598
0.364631
0.364631
0.364631
0.363986
0.363018
0.363018
0.364308
0.363986
0.362051
0.362051
0.362696
0.361083
0.361406
0.361406
0.361406
0.361083
0.361406
0.360116
0.360438
0.360116
0.361406
0.359471
0.359793
0.360116
0.360116
0.359793
0.360116
0.358504
0.359149
0.357536
0.356891
0.357859
0.357536
0.356891
0.356569
0.357214
0.358826
0.359149
0.359471
0.359793
0.359793
0.360116
0.360438
0.360116
0.359471
0.360761
0.362051
0.360438
0.360438
0.360116
0.360438
0.360761
0.360761
0.362051
0.362696
0.362051
0.362696
0.363341
0.359793
0.363986
0.363663
0.363986
0.363018
0.364953
0.362696
0.362696
0.363018
0.362696
0.362696
0.362696
0.363341
0.362696
0.363341
0.363018
0.364308
0.365276
0.364631
0.365598
0.366565
0.366565
0.365920
0.366888
0.365276
0.365276
0.365276
0.364308
0.362696
0.362696
0.362051
0.362373
0.362051
0.361728
0.358826
0.361083
0.359471
0.360761
0.359793
0.359471
0.359471
0.356569
0.358181
0.358181
0.356569
0.357536
0.355601
0.355279
0.354956
0.355279
0.355279
0.353989
0.350764
0.352054
0.351409
0.352377
0.352054
0.352054
0.352377
0.354956
0.354634
0.355601
0.354956
0.356246
0.357214
0.357859
0.357214
0.358504
0.356891
0.360116
0.358181
0.358504
0.358826
0.359149
0.358504
0.361406
0.359149
0.360761
0.361406
0.361406
0.362373
0.361406
0.363986
0.363986
0.364308
0.362373
0.363341
0.363986
0.364953
0.363663
0.362696
0.363018
0.363986
0.365276
0.365276
0.363663
0.364308
0.364308
0.363341
0.364631
0.365920
0.363663
0.363986
0.364308
0.363986
0.365276
0.364308
0.364308
0.363986
0.364631
0.364308
0.365598
0.364308
0.364631
0.365276
0.361728
0.366243
0.365920
0.366888
0.365598
0.364953
0.365598
0.365598
0.363663
0.363986
0.363663
0.364953
0.363341
0.364308
0.363018
0.363663
0.363986
0.363341
0.365276
0.363986
0.361728
0.360761
0.361406
0.362373
0.363018
0.361728
0.360438
0.363341
0.364953
0.364631
0.366243
0.365276
0.365920
0.365598
0.364953
0.367533
0.365598
0.365598
0.364953
0.365598
0.366243
0.366565
0.364953
0.365598
0.366565
0.366565
0.366888
0.363663
0.365598
0.366888
0.366565
0.367210
0.365598
0.366243
0.366888
0.367210
0.366888
0.366243
0.367533
0.365920
0.366243
0.366888
0.367210
0.366565
0.365920
0.367855
0.364953
0.366565
0.366888
0.366888
0.368500
0.368500
0.366888
0.367855
0.369145
0.367210
0.367855
0.366565
0.365276
0.366243
0.365276
0.360761
0.364631
0.363341
0.363018
0.362373
0.363341
0.362696
0.363018
0.359793
0.361406
0.361728
0.361083
0.359149
0.359471
0.358504
0.358181
0.358826
0.359149
0.357859
0.359149
0.357536
0.358826
0.357536
0.355601
0.355279
0.355924
0.355279
0.355279
0.354956
0.354634
0.356246
0.355924
0.356569
0.357214
0.357536
0.358504
0.357859
0.357859
0.357536
0.358504
0.357859
0.358181
0.357859
0.358504
0.359149
0.359793
0.358504
0.360116
0.359793
0.361083
0.359793
0.361083
0.360438
0.361406
0.359471
0.362373
0.361406
0.361728
0.362373
0.361083
0.362373
0.363663
0.364631
0.364631
0.364953
0.364308
0.364631
0.364631
0.364953
0.365598
0.364631
0.364308
0.364953
0.363986
0.364631
0.365598
0.365598
0.365920
0.367210
0.365920
0.365598
0.362373
0.365276
0.366243
0.365598
0.365598
0.366888
0.366243
0.365598
0.365276
0.364631
0.364308
0.364308
0.364308
0.364631
0.365276
0.365920
0.365598
0.365920
0.365920
0.367210
0.365920
0.366565
0.365920
0.366243
0.365920
0.363663
0.363986
0.364308
0.362696
0.363018
0.363986
0.363341
0.363986
0.365276
0.365276
0.367855
0.366888
0.366565
0.366565
0.368500
0.368178
0.367855
0.369468
0.368178
0.368823
0.368823
0.367855
0.369145
0.368823
0.368178
0.367533
0.367855
0.367855
0.367210
0.366888
0.367533
0.367533
0.368823
0.367210
0.367855
0.368178
0.368823
0.367533
0.366888
0.367533
0.368823
0.367533
0.367855
0.367533
0.367855
0.368500
0.367855
0.367533
0.368178
0.367855
0.367855
0.368178
0.369145
0.369145
0.366888
0.367855
0.368500
0.370758
0.368178
0.367855
0.367533
0.368178
0.365920
0.364308
0.364953
0.364631
0.364308
0.362051
0.361728
0.361728
0.363018
0.360761
0.360438
0.361083
0.360116
0.359471
0.359149
0.359793
0.359471
0.358504
0.356891
0.358181
0.358181
0.355279
0.353989
0.353666
0.354311
0.354634
0.354634
0.353989
0.354634
0.359471
0.355601
0.357214
0.358504
0.360116
0.359471
0.360438
0.361406
0.362696
0.362373
0.361083
0.360761
0.358181
0.362051
0.362051
0.363341
0.363341
0.363341
0.362051
0.362373
0.363663
0.364308
0.363986
0.364953
0.365920
0.366565
0.367533
0.366243
0.366888
0.366243
0.366565
0.366243
0.367210
0.369468
0.368823
0.368178
0.368500
0.368500
0.369145
0.367855
0.368178
0.368500
0.369145
0.368178
0.367855
0.367533
0.368178
0.369468
0.366243
0.367533
0.367533
0.366888
0.366243
0.366565
0.367533
0.366565
0.368178
0.367533
0.367533
0.368178
0.369468
0.368500
0.369145
0.368178
0.368178
0.366888
0.367855
0.366565
0.367855
0.364631
0.364631
0.364953
0.365598
0.365598
0.365276
0.365598
0.364308
0.363986
0.363341
0.363341
0.363986
0.367210
0.361728
0.363341
0.364953
0.366565
0.364953
0.365920
0.366888
0.366888
0.365598
0.367533
0.366243
0.365920
0.365920
0.366243
0.365598
0.367533
0.366565
0.365598
0.365276
0.366888
0.366565
0.365276
0.366565
0.366888
0.367533
0.368178
0.367855
0.369468
0.369468
0.369145
0.368500
0.369468
0.367855
0.368500
0.368178
0.368178
0.367855
0.369145
0.367855
0.368823
0.367855
0.368500
0.367855
0.368823
0.368178
0.368500
0.372370
0.368500
0.368823
0.369145
0.368178
0.367855
0.367533
0.369145
0.366565
0.365598
0.366565
0.364953
0.365276
0.363986
0.363018
0.364308
0.363341
0.361728
0.361406
0.361728
0.361083
0.360438
0.359793
0.359793
0.360438
0.360438
0.359471
0.361083
0.360761
0.359793
0.359149
0.356891
0.356246
0.356891
0.351087
0.354956
0.353989
0.354311
0.356569
0.356569
0.357214
0.358181
0.357536
0.357859
0.359471
0.357214
0.359793
0.358504
0.358826
0.359793
0.360116
0.360761
0.360761
0.362051
0.362373
0.362696
0.361406
0.362373
0.364631
0.363986
0.363341
0.363341
0.363341
0.363018
0.364308
0.364308
0.364631
0.365920
0.365920
0.366565
0.367210
0.367533
0.368178
0.368178
0.368823
0.367210
0.368178
0.367210
0.368823
0.367533
0.365276
0.373015
0.368500
0.369145
0.368500
0.369468
0.369468
0.368823
0.368823
0.367855
0.369145
0.368178
0.369468
0.367855
0.369145
0.369145
0.368823
0.368823
0.367210
0.367210
0.366888
0.367210
0.366243
0.366243
0.366888
0.366565
0.366243
0.364631
0.365920
0.365920
0.365276
0.363986
0.364953
0.365276
0.365276
0.357214
0.362051
0.362373
0.362051
0.360438
0.361728
0.362373
0.364308
0.363663
0.363986
0.364631
0.365276
0.364308
0.365276
0.366243
0.366565
0.365276
0.366888
0.366243
0.367210
0.365276
0.365598
0.365276
0.366888
0.366565
0.367855
0.369145
0.368823
0.368823
0.367533
0.368178
0.368178
0.368823
0.368500
0.367210
0.367210
0.367855
0.367533
0.367533
0.367855
0.368500
0.367855
0.367855
0.368178
0.369145
0.368500
0.368500
0.370435
0.367533
0.368823
0.370113
0.368500
0.369468
0.370113
0.370113
0.368823
0.368823
0.369145
0.368500
0.367210
0.365920
0.366243
0.366888
0.364953
0.363341
0.363341
0.363018
0.361083
0.361083
0.360438
0.363663
0.360761
0.360438
0.360761
0.360761
0.359793
0.359471
0.360438
0.360116
0.359471
0.358826
0.355601
0.358826
0.357859
0.356891
0.356891
0.357859
0.355601
0.355601
0.355601
0.357536
0.357214
0.358504
0.359471
0.360438
0.361083
0.362696
0.362696
0.363341
0.362696
0.363986
0.363663
0.362696
0.363663
0.361728
0.364953
0.364953
0.364631
0.365920
0.366565
0.365598
0.366565
0.368178
0.368500
0.368823
0.367855
0.370435
0.367533
0.367855
0.367533
0.367855
0.368823
0.366888
0.367533
0.367855
0.368178
0.367855
0.366565
0.363663
0.367855
0.368500
0.367533
0.368500
0.368500
0.368178
0.368823
0.368823
0.370758
0.370758
0.370758
0.369790
0.370435
0.371403
0.370435
0.371403
0.371725
0.371080
0.371403
0.370758
0.372047
0.372370
0.373337
0.371725
0.372047
0.373015
0.372370
0.372692
0.373337
0.372692
0.372370
0.371080
0.370758
0.370435
0.373015
0.369145
0.368823
0.366565
0.365598
0.365276
0.365276
0.364631
0.365920
0.363341
0.364631
0.363986
0.367855
0.366888
0.367210
0.367533
0.367533
0.369790
0.369468
0.369145
0.370113
0.370758
0.370758
0.369468
0.370758
0.370758
0.371080
0.369790
0.370435
0.370435
0.371080
0.369790
0.370113
0.370113
0.376562
0.370113
0.369145
0.369145
0.370113
0.369468
0.371403
0.371403
0.372370
0.373015
0.373015
0.373015
0.373015
0.372370
0.374305
0.373660
0.373982
0.373660
0.373660
0.373660
0.372692
0.373015
0.373015
0.372370
0.373337
0.371725
0.370758
0.370435
0.370758
0.368823
0.370435
0.369468
0.367533
0.367210
0.367210
0.364953
0.367533
0.366888
0.367210
0.366888
0.365920
0.365276
0.367210
0.365598
0.363986
0.364308
0.363986
0.367533
0.363986
0.363341
0.362373
0.362051
0.358181
